Step,DF_001,DF_002,DF_003,DF_004,DF_005,DF_006,DF_007,DF_008,DF_009,DF_010,DF_011,DF_012,DF_013,DF_014,DF_015,DF_016,DF_017,DF_018,DF_019,DF_020,DF_021,DF_022,DF_023,DF_024,DF_025,DF_026,DF_027,DF_028,DF_029,DF_030,DF_031,DF_032,DF_033,DF_034,DF_035,DF_036,DF_037,DF_038,DF_039,DF_040,DF_041,DF_042,DF_043,DF_044,DF_045,DF_046,DF_047,DF_048,DF_049,DF_050,DF_051,DF_052,DF_053,DF_054,DF_055,DF_056,DF_057,DF_058,DF_059,DF_060,DF_061,DF_062,DF_063,DF_064,DF_065,DF_066,DF_067,DF_068,DF_069,DF_070,DF_071,DF_072,DF_073,DF_074,DF_075,DF_076,DF_077,DF_078,DF_079,DF_080,DF_081,DF_082,DF_083,DF_084,DF_085,DF_086,DF_087,DF_088,DF_089,DF_090,DF_091,DF_092,DF_093,DF_094,DF_095,DF_096,DF_097,DF_098,DF_099,DF_100,DF_101,DF_102,DF_103,DF_104,DF_105,DF_106,DF_107,DF_108,DF_109,DF_110,DF_111,DF_112,DF_113,DF_114,DF_115,DF_116,DF_117,DF_118,DF_119,DF_120,DF_121,DF_122,DF_123,DF_124,DF_125,DF_126,DF_127,DF_128,DF_129,DF_130,DF_131,DF_132,DF_133,DF_134,DF_135,DF_136,DF_137,DF_138,DF_139,DF_140,DF_141,DF_142,DF_143,DF_144,DF_145,DF_146,DF_147,DF_148,DF_149,DF_150,DF_151,DF_152,DF_153,DF_154,DF_155,DF_156,DF_157,DF_158,DF_159,DF_160,DF_161,DF_162,DF_163,DF_164,DF_165,DF_166,DF_167,DF_168,DF_169,DF_170,DF_171,DF_172,DF_173,DF_174,DF_175,DF_176,DF_177,DF_178,DF_179,DF_180
0,0.01730089475,0.01844615105,0.01764762857,0.0153878927,0.09191953504,0.0335985266,0.04496179025,0.05252850191,0.05155088779,0.04451637856,0.02767528333,0.03024229847,0.02965383812,0.02645070592,0.1210879562,0.06242903419,0.09755658885,0.1316267567,0.1506675049,0.1498857388,0.0003432500675,0.0004003496618,0.0004189977572,0.0003969143262,0.01271753972,0.003028128952,0.007135864724,0.01409916578,0.02188367408,0.02846862941,0.0002145789519,0.0002441914374,0.00024935446,0.0002309078284,0.009654059538,0.001629701187,0.00328877072,0.005626576808,0.00748749923,0.008455242602,0.007316883888,0.005502818829,0.003713536215,0.00234618455,0.02074239098,0.00228124608,0.003261007045,0.004050536235,0.00397600736,0.003303809606,0.01219977299,0.009424084342,0.006532357981,0.004230370037,0.02799710362,0.004476923471,0.007576144497,0.01100685091,0.01277406632,0.0123815985,0.0001627160149,0.0001338243469,9.876051893e-05,6.776657165e-05,0.003026715847,0.0002211235174,0.0005554489373,0.001164519326,0.00180731744,0.002262204387,9.758986406e-05,7.814139909e-05,5.614370259e-05,3.758368228e-05,0.002242422085,0.0001126749565,0.0002390824117,0.0004285447097,0.0005625387615,0.0006036290538,1.352017976e-07,2.910773482e-07,4.742962016e-07,5.812957437e-07,0.003038789756,7.562344527e-05,0.0003393622919,0.001013943575,0.001709172726,0.002032230385,1.900787732e-10,8.283399493e-10,2.481341689e-09,4.897991063e-09,0.001293239805,9.613317457e-06,6.956796432e-05,0.0002914208866,0.0005638894294,0.000713652242,1.747586151e-09,9.376494622e-09,3.603741687e-08,9.287297648e-08,0.003937149041,0.0001527901945,0.0007421253705,0.002246610407,0.003673742384,0.004325979606,2.362613714e-09,1.48750485e-08,6.708652407e-08,2.003970808e-07,0.006081233685,0.0003574430582,0.001431627568,0.003623303296,0.00509933476,0.0053220069,2.680481962e-09,2.065485973e-08,1.140099725e-07,4.10386549e-07,0.009417751831,0.0008027174035,0.00251991282,0.005086475668,0.005860753939,0.005193774021,2.880709101e-10,3.35326314e-09,2.683112261e-08,1.311719414e-07,0.009433988956,0.0005650220571,0.00147677476,0.002402870846,0.002077291219,0.001383819507,5.068348042e-13,1.416790363e-11,2.328216462e-10,1.925050187e-09,0.006168274535,7.470506706e-05,0.0001854951507,0.0002419226972,0.0001231300036,4.308850576e-05,8.788852987e-12,1.921155394e-10,2.468717447e-09,1.626661861e-08,0.01088418197,0.00016500644,0.0002781464311,0.0002531760598,9.165479288e-05,2.275136611e-05,9.325264842e-11,1.588642606e-09,1.590998735e-08,8.328342289e-08,0.01608322427,0.0002476732487,0.0003053955942,0.0002079324117,5.65043052e-05,1.044523845e-05,2.154719298e-12,6.45878863e-11,1.011720718e-09,7.209259575e-09,0.0129235799,4.720233282e-05,4.044688607e-05,1.721360656e-05,2.18722715e-06,1.700279237e-07
1,0.01730389946,0.01844914716,0.01765029648,0.01539005921,0.09192464296,0.03360502607,0.04497447155,0.05254763939,0.05157401969,0.04454018208,0.02767961658,0.03024637516,0.02965718983,0.02645316397,0.1210880393,0.06243126244,0.09756565606,0.1316459883,0.1506974368,0.1499239594,0.0003433298654,0.000400429969,0.0004190684457,0.0003969696075,0.01271760643,0.003028326986,0.007136947073,0.01410243397,0.02189048568,0.02847977083,0.000214632506,0.0002442471663,0.0002494060413,0.0002309510414,0.00965464002,0.001630064864,0.003289891505,0.005629108979,0.007491702337,0.008460917011,0.007318191847,0.005503725403,0.003714095978,0.002346507859,0.02074339739,0.002281634031,0.003261832112,0.004051873074,0.003977632773,0.003305450273,0.0122017268,0.009425353632,0.006533071451,0.004230732645,0.02799678989,0.004476916283,0.00757650231,0.01100786989,0.0127758125,0.01238397846,0.0001627539497,0.000133850837,9.877659317e-05,6.777540032e-05,0.003026695197,0.0002211294781,0.0005555065382,0.001164723082,0.001807760164,0.002262935812,9.761443173e-05,7.815921613e-05,5.615517145e-05,3.759053641e-05,0.002242540716,0.0001126973369,0.0002391564063,0.000428721464,0.0005628296497,0.0006040079787,1.352741981e-07,2.912176023e-07,4.744992917e-07,5.815158632e-07,0.003039006778,7.565266143e-05,0.0003395765174,0.001014814289,0.001711059095,0.00203496834,1.902161081e-10,8.288811547e-10,2.482791319e-09,4.90053991e-09,0.001293363475,9.61874225e-06,6.963110279e-05,0.0002917782983,0.0005647802835,0.000715026787,1.748618761e-09,9.381595781e-09,3.605533462e-08,9.291513752e-08,0.003937538438,0.0001528762792,0.0007427829843,0.002249274594,0.00367931107,0.004333894486,2.363478698e-09,1.488032587e-08,6.710956476e-08,2.004638103e-07,0.006081718728,0.0003576570452,0.001432995592,0.003627966868,0.005107754129,0.005332628728,2.680702492e-09,2.065725095e-08,1.140269907e-07,4.104604975e-07,0.009418275278,0.0008032336942,0.00252254186,0.005093673012,0.005871431988,0.005205230589,2.880475256e-10,3.353300072e-09,2.683389191e-08,1.311966445e-07,0.009434947452,0.0005655455093,0.001478863514,0.002407358773,0.002082225779,0.001387774592,5.068799561e-13,1.417184315e-11,2.329303898e-10,1.926285241e-09,0.006170135201,7.484209496e-05,0.0001859615449,0.0002426838405,0.0001236112999,4.32892233e-05,8.792151951e-12,1.922331041e-10,2.470812386e-09,1.628397649e-08,0.01088947498,0.0001653926124,0.0002789775306,0.0002540848991,9.205313658e-05,2.286741519e-05,9.330881376e-11,1.59005121e-09,1.592862004e-08,8.340283313e-08,0.01609366396,0.0002483622266,0.0003064322878,0.0002087566449,5.677035076e-05,1.050229922e-05,2.156992772e-12,6.467939622e-11,1.013520238e-09,7.224491298e-09,0.01293472809,4.738302457e-05,4.063214433e-05,1.730448262e-05,2.200893849e-06,1.712598068e-07
2,0.01731284603,0.0184580671,0.01765823824,0.01539650756,0.09193983281,0.03362436502,0.04501221739,0.05260461611,0.05164290366,0.04461108093,0.02769251753,0.0302585105,0.02966716518,0.02646047794,0.1210882671,0.06243786864,0.09759260107,0.1317031738,0.1507864685,0.150037676,0.0003435674787,0.0004006690583,0.0004192788547,0.0003971341152,0.01271780192,0.003028914604,0.007140164451,0.01411215464,0.02191075268,0.02851293009,0.0002147919867,0.0002444131003,0.000249559601,0.000231079666,0.009656365644,0.00163114681,0.003293227468,0.005636648351,0.007504220379,0.008477821479,0.007322086373,0.00550642446,0.003715762278,0.002347470146,0.02074638979,0.002282788188,0.003264287599,0.004055852646,0.003982472416,0.003310336443,0.01220754372,0.009429132015,0.006535194862,0.004231811545,0.02799585167,0.004476892957,0.007577563605,0.01101089712,0.01278100307,0.01239105622,0.0001628669077,0.0001339297026,9.882443862e-05,6.780167199e-05,0.003026633026,0.0002211470826,0.0005556776175,0.001165328813,0.001809076886,0.002265111977,9.768759323e-05,7.821226698e-05,5.618931477e-05,3.761093781e-05,0.002242893314,0.0001127639085,0.000239376619,0.0004292476712,0.0005636958817,0.0006051366883,1.354899191e-07,2.916354099e-07,4.751041434e-07,5.821712709e-07,0.003039651546,7.573958298e-05,0.0003402144119,0.00101740857,0.001716682715,0.002043135115,1.906254563e-10,8.30493917e-10,2.48711e-09,4.908131266e-09,0.00129373097,9.634888675e-06,6.981922059e-05,0.0002928440162,0.0005674386744,0.0007191315862,1.751695457e-09,9.396791574e-09,3.610869681e-08,9.304066939e-08,0.003938695387,0.0001531325,0.0007447422107,0.002257217909,0.003695926446,0.004357526148,2.366053499e-09,1.489603127e-08,6.717811614e-08,2.006622966e-07,0.006083157596,0.0003582938462,0.001437071431,0.00364187324,0.005132880829,0.005364352152,2.681355573e-09,2.066433855e-08,1.140774587e-07,4.106798656e-07,0.009419822653,0.0008047698529,0.002530375114,0.005115138793,0.005903308896,0.005239460308,2.879773461e-10,3.353402159e-09,2.684206554e-08,1.312698176e-07,0.009437786452,0.0005671040394,0.00148509179,0.002420756133,0.00209697323,0.001399607005,5.070126791e-13,1.418352252e-11,2.332533997e-10,1.929957367e-09,0.006175664249,7.525097602e-05,0.0001873555297,0.0002449620134,0.0001250541889,4.38918898e-05,8.801946458e-12,1.925826878e-10,2.477047658e-09,1.633567502e-08,0.01090522225,0.0001665463602,0.0002814642345,0.0002568077698,9.324845122e-05,2.321618275e-05,9.347581866e-11,1.594244472e-09,1.598413576e-08,8.375886108e-08,0.01612474368,0.0002504227441,0.0003095369133,0.0002112280178,5.756928652e-05,1.067391602e-05,2.163763291e-12,6.495219788e-11,1.018889661e-09,7.269975163e-09,0.01296793643,4.792458088e-05,4.118827841e-05,1.757768596e-05,2.242061565e-06,1.749780209e-07
3,0.01732763674,0.01847281035,0.01767136128,0.01540715996,0.09196488256,0.03365629295,0.04507457729,0.05269879359,0.05175681173,0.0447283698,0.02771384122,0.03027856286,0.02968364228,0.02647255344,0.1210885796,0.06244869683,0.09763697419,0.1317974617,0.1509333594,0.1502253933,0.0003439603514,0.0004010642399,0.0004196264887,0.0003974057771,0.01271811493,0.003029879403,0.007145465996,0.01412819085,0.02194421048,0.02856770216,0.0002150557181,0.000244687427,0.0002498133893,0.0002312921718,0.009659209399,0.001632932535,0.003298738639,0.005649111931,0.007524926068,0.008505797313,0.007328525104,0.005510885692,0.003718515735,0.002349059805,0.02075132311,0.002284693077,0.003268343251,0.004062428858,0.003990473266,0.003318417848,0.01221715854,0.009435375431,0.006538702204,0.004233592688,0.02799428712,0.004476848088,0.007579304719,0.01101587945,0.01278955568,0.01240272908,0.0001630536745,0.0001340600558,9.890348591e-05,6.784505307e-05,0.003026527996,0.000221175716,0.0005559590448,0.001166327078,0.001811248816,0.002268704197,9.780858149e-05,7.829997319e-05,5.624574375e-05,3.764464342e-05,0.00224347418,0.000112873749,0.000239740327,0.0004301173413,0.0005651283094,0.0006070041883,1.35847039e-07,2.923267937e-07,4.761045836e-07,5.832548019e-07,0.003040712839,7.588305331e-05,0.0003412691038,0.001021703124,0.001726002558,0.002056684194,1.913036194e-10,8.331644959e-10,2.494257583e-09,4.920688452e-09,0.001294336115,9.661562543e-06,7.013062072e-05,0.0002946108735,0.0005718528585,0.0007259574862,1.756788782e-09,9.421936662e-09,3.619695532e-08,9.324819069e-08,0.003940599924,0.0001535557669,0.0007479850804,0.002270384969,0.003723508903,0.004396808519,2.370307907e-09,1.492196932e-08,6.729127395e-08,2.009897756e-07,0.006085518796,0.0003593454684,0.001443817957,0.003664930921,0.005174611314,0.005417116774,2.68242361e-09,2.067594997e-08,1.141602241e-07,4.110398556e-07,0.00942234408,0.0008073058105,0.002543342355,0.005150743324,0.005956281133,0.005296437235,2.878595165e-10,3.353545098e-09,2.685534209e-08,1.313895385e-07,0.009442430942,0.0005696804155,0.001495417944,0.002443018377,0.002121534438,0.001419353826,5.072264648e-13,1.420266482e-11,2.337848522e-10,1.936010812e-09,0.006184768471,7.592982957e-05,0.0001896775233,0.0002487675102,0.0001274721404,4.490492355e-05,8.81804616e-12,1.931590857e-10,2.487347776e-09,1.642119271e-08,0.01093121393,0.0001684666451,0.0002856152334,0.0002613648325,9.525522586e-05,2.380351308e-05,9.375116135e-11,1.601173882e-09,1.607603473e-08,8.434903287e-08,0.01617611001,0.0002538591753,0.0003147285898,0.0002153707578,5.891262824e-05,1.096335496e-05,2.174960288e-12,6.540427671e-11,1.027803669e-09,7.34560148e-09,0.01302288425,4.883162519e-05,4.212270999e-05,1.803806314e-05,2.311705736e-06,1.812932976e-07
4,0.0173481785,0.01849327907,0.0176895735,0.01542193743,0.09199954328,0.03370054476,0.0451610961,0.05282955198,0.05191506576,0.04489142201,0.02774344679,0.03030639125,0.02970649633,0.02648929086,0.1210888812,0.06246354268,0.09769824329,0.131927889,0.151136747,0.1504855158,0.0003445060739,0.0004016128975,0.0004201088372,0.0003977824344,0.01271852863,0.003031205584,0.007152792727,0.01415039143,0.02199057766,0.02864367169,0.0002154221467,0.000245068419,0.0002501656901,0.0002315870155,0.009663140113,0.001635406432,0.003306384525,0.005666420084,0.007553704228,0.008544710411,0.007337467785,0.00551707966,0.003722337088,0.002351265043,0.02075814617,0.002287332027,0.003273967922,0.004071555989,0.004001584629,0.003329648601,0.01223050795,0.009444040024,0.006543566813,0.004236061175,0.02799208656,0.004476772768,0.007581695072,0.01102275283,0.01280137468,0.01241888215,0.0001633131052,0.0001342410321,9.901316117e-05,6.790519454e-05,0.003026377493,0.0002212145118,0.0005563469948,0.001167706995,0.001814255084,0.002273681807,9.797668686e-05,7.842178409e-05,5.632407714e-05,3.769140803e-05,0.002244276654,0.0001130258478,0.0002402447206,0.0004313245956,0.0005671184102,0.0006096008767,1.363440179e-07,2.932883546e-07,4.774950166e-07,5.847596189e-07,0.00304217718,7.608182938e-05,0.0003427340891,0.001027679056,0.0017389931,0.002075599881,1.922484053e-10,8.368823938e-10,2.504200483e-09,4.93814249e-09,0.001295171582,9.698566248e-06,7.056391924e-05,0.0002970750225,0.0005780232896,0.0007355199754,1.763876674e-09,9.456906258e-09,3.631961042e-08,9.35363763e-08,0.003943228137,0.00015414293,0.0007524966999,0.002288743884,0.003762051097,0.004451808723,2.376211706e-09,1.495793761e-08,6.744807112e-08,2.014432105e-07,0.006088761808,0.0003608035678,0.001453204566,0.003697092928,0.005232962012,0.005491059265,2.683882868e-09,2.069185728e-08,1.142737871e-07,4.115342877e-07,0.009425770084,0.0008108201364,0.002561386509,0.005200432794,0.006030415148,0.005376373542,2.876921501e-10,3.353690335e-09,2.687329285e-08,1.315532238e-07,0.009448780078,0.0005732579427,0.001509819687,0.002474171577,0.002156020648,0.001447164908,5.075117384e-13,1.422890563e-11,2.345176339e-10,1.944381615e-09,0.006197336904,7.687858054e-05,0.000192938567,0.0002541344236,0.0001308984572,4.6346987e-05,8.840213208e-12,1.939563788e-10,2.501635275e-09,1.654005684e-08,0.01096722402,0.0001711603069,0.0002914634755,0.0002678100545,9.810671144e-05,2.464187614e-05,9.413198925e-11,1.610791013e-09,1.620390755e-08,8.517191737e-08,0.0162474154,0.0002586940958,0.000322062332,0.0002212438805,6.08257311e-05,1.137742594e-05,2.190518106e-12,6.60343392e-11,1.040260303e-09,7.451526176e-09,0.01309929268,5.011591776e-05,4.345206324e-05,1.869584286e-05,2.411793098e-06,1.904230397e-07
5,0.01737438248,0.01851937788,0.01771278319,0.01544075974,0.09204354073,0.03375684143,0.04527131366,0.05299628807,0.05211703345,0.04509968407,0.0277811972,0.03034185517,0.02973559974,0.02651058567,0.1210890435,0.06248215647,0.09777579843,0.1320933867,0.151395153,0.1508163512,0.0003452023739,0.0004023124836,0.0004207233749,0.0003982618463,0.01271902103,0.003032874145,0.007162077956,0.01417859157,0.02204955632,0.02874041254,0.0002158898348,0.0002455544287,0.0002506148182,0.0002319626417,0.0096681227,0.001638551826,0.003316124059,0.005688496162,0.007590450828,0.008594449576,0.007348876136,0.005524977734,0.003727207183,0.002354073891,0.02076680203,0.002290687234,0.003281129585,0.004083188595,0.004015757918,0.003343986867,0.01224753047,0.009455082123,0.006549761401,0.004239201308,0.02798923288,0.004476654817,0.007584697585,0.01103144295,0.01281635185,0.0124393889,0.0001636441204,0.0001344717895,9.915288606e-05,6.798173274e-05,0.003026177715,0.0002212623669,0.0005568369867,0.001169456302,0.001818072817,0.002280012202,9.819125367e-05,7.8577175e-05,5.642394074e-05,3.775098432e-05,0.002245293173,0.0001132191111,0.0002408869029,0.0004328636474,0.0005696582302,0.0006129184416,1.369796775e-07,2.945172391e-07,4.792703861e-07,5.866791849e-07,0.003044028975,7.633458253e-05,0.0003446031812,0.001035321539,0.001755643397,0.00209989578,1.9345858e-10,8.416401857e-10,2.516911294e-09,4.96043156e-09,0.00129622896,9.74569796e-06,7.111801925e-05,0.0003002357409,0.0005859620838,0.000747858385,1.772942181e-09,9.501594862e-09,3.647620728e-08,9.390395136e-08,0.003946552391,0.0001548907674,0.0007582649881,0.002312284853,0.003811614647,0.004522722419,2.383734615e-09,1.500372668e-08,6.764747886e-08,2.020192985e-07,0.006092837606,0.0003626594169,0.001465206565,0.003738354123,0.005308064104,0.005586507141,2.685703833e-09,2.071178026e-08,1.144163188e-07,4.121556695e-07,0.00943001277,0.0008152899511,0.002584462336,0.005264224763,0.006125940482,0.005479713056,2.874724034e-10,3.353785979e-09,2.689536906e-08,1.317576609e-07,0.009456708638,0.0005778202336,0.001528292678,0.002514309312,0.00220065075,0.001483301782,5.078560361e-13,1.42617967e-11,2.354433678e-10,1.954997474e-09,0.006213241473,7.809884461e-05,0.0001971600246,0.0002611205045,0.0001353866024,4.824736268e-05,8.8681637e-12,1.949679237e-10,2.519829927e-09,1.66918339e-08,0.01101301017,0.0001746417832,0.0002990659,0.0002762314822,0.0001018554668,2.575069158e-05,9.461509451e-11,1.623046938e-09,1.636742385e-08,8.622704047e-08,0.01633831573,0.0002649679513,0.000331629128,0.0002289418565,6.334833307e-05,1.192669077e-05,2.210374744e-12,6.684174547e-11,1.056279511e-09,7.588158876e-09,0.01319692025,5.179643499e-05,4.520247043e-05,1.956691835e-05,2.545358322e-06,2.027022053e-07
6,0.01740616391,0.01855101374,0.01774089898,0.01546354555,0.09209657693,0.0338248904,0.0454047643,0.05319841302,0.05236212422,0.04535267009,0.02782695897,0.03038481458,0.02977082232,0.02653632867,0.1210889071,0.06250424604,0.09786895637,0.1322927852,0.151706987,0.151216112,0.0003460471069,0.0004031605133,0.0004214675608,0.0003988416938,0.0127195653,0.003034863083,0.00717324767,0.01421261323,0.02212083223,0.02885748685,0.0002164574529,0.0002461438822,0.0002511591161,0.0002324174823,0.009674118403,0.001642351003,0.003327915529,0.005715266088,0.007635071976,0.008654924819,0.007362713729,0.005534552042,0.003733106963,0.002357474204,0.02077722835,0.002294739798,0.003289795329,0.004097281402,0.004032946413,0.003361394518,0.01226816628,0.009468458213,0.006557258088,0.004242996637,0.02798570215,0.004476479004,0.007588269086,0.01104186581,0.012834367,0.01246411163,0.0001640457022,0.000134751506,9.932207772e-05,6.807429007e-05,0.003025923752,0.0002213179579,0.0005574239201,0.001171561425,0.001822677206,0.002287660844,9.845167697e-05,7.876564548e-05,5.654496665e-05,3.782312278e-05,0.002246515326,0.0001134523641,0.0002416638877,0.0004347287786,0.0005727403229,0.0006169497552,1.377531827e-07,2.960111072e-07,4.814261383e-07,5.89007234e-07,0.003046250635,7.663989797e-05,0.0003468704524,0.001044619461,0.001775956171,0.002129613418,1.94933826e-10,8.474333633e-10,2.532368412e-09,4.987500448e-09,0.001297498817,9.802750522e-06,7.179208317e-05,0.0003040952452,0.0005956925645,0.0007630353443,1.783973178e-09,9.555915035e-09,3.666633223e-08,9.434968447e-08,0.003950541542,0.000155795967,0.0007652803931,0.002341018788,0.003872327263,0.004609870401,2.392846212e-09,1.505911977e-08,6.788840691e-08,2.02714475e-07,0.006097689166,0.0003649038554,0.001479804517,0.00378874859,0.005400159084,0.005703974605,2.687851564e-09,2.07353894e-08,1.145856784e-07,4.128952599e-07,0.009434966962,0.0008206907857,0.002612534969,0.005342203755,0.006243244156,0.005607127659,2.871965513e-10,3.353767719e-09,2.692090888e-08,1.319990393e-07,0.009466068411,0.0005833509175,0.001550849051,0.002563589987,0.002255749934,0.00152813861,5.082441767e-13,1.430080902e-11,2.365524225e-10,1.967777435e-09,0.006232337477,7.959381203e-05,0.0002023734013,0.0002698074859,0.0001410110873,5.064670857e-05,8.901568665e-12,1.961863262e-10,2.54184767e-09,1.687611791e-08,0.01106831299,0.0001789328975,0.000308503596,0.0002867523576,0.0001065745374,2.715693512e-05,9.519690152e-11,1.637891461e-09,1.656631908e-08,8.751479278e-08,0.01644846721,0.0002727389953,0.0003435568285,0.0002385963047,6.653562745e-05,1.262583861e-05,2.234470292e-12,6.782643468e-11,1.075901699e-09,7.756152431e-09,0.01331555796,5.389963447e-05,4.741020333e-05,2.067336759e-05,2.716636555e-06,2.186016046e-07
7,0.01744344176,0.01858809568,0.01777382978,0.01549021234,0.09215833166,0.03390438603,0.04556097609,0.05343534986,0.05264978479,0.04564995622,0.02788060188,0.0304351298,0.02981203135,0.0265664063,0.1210882842,0.06252947966,0.09797696473,0.1325248187,0.1520705508,0.1516829171,0.000347038248,0.0004041545594,0.0004223388379,0.0003995195826,0.01272013016,0.003037147583,0.007186220878,0.01425226556,0.02220407465,0.02899444376,0.0002171237728,0.0002468352746,0.0002517969516,0.0002329499557,0.009681085021,0.001646785239,0.003341716479,0.005746657899,0.007687482852,0.008726065622,0.007378945859,0.005545775402,0.003740017446,0.002361453668,0.02078935779,0.002299469772,0.003299931345,0.004113789166,0.004053104996,0.003381836777,0.0122923571,0.009484124903,0.006566028431,0.004247430003,0.0279814641,0.004476227275,0.007592360711,0.01105392825,0.01285528859,0.0124929019,0.0001645168893,0.0001350793785,9.95201487e-05,6.81824757e-05,0.003025609673,0.0002213797558,0.0005581021107,0.001174007532,0.001828041552,0.002296591251,9.875739928e-05,7.898671754e-05,5.668679268e-05,3.790757169e-05,0.00224793391,0.0001137243543,0.0002425725962,0.0004369143129,0.000576357683,0.0006216887651,1.386640249e-07,2.97768103e-07,4.839581852e-07,5.917377416e-07,0.003048822709,7.699627293e-05,0.0003495301685,0.001055565057,0.001799946923,0.002164820995,1.966747054e-10,8.542601912e-10,2.550555669e-09,5.019299982e-09,0.001298970757,9.869510063e-06,7.258550319e-05,0.0003086585077,0.0006072488731,0.0007811364591,1.796962108e-09,9.619796184e-09,3.688960901e-08,9.48723803e-08,0.003955161141,0.0001568551049,0.0007735355905,0.002374975962,0.003944380233,0.004713696291,2.403515846e-09,1.512389245e-08,6.816970288e-08,2.03524915e-07,0.006103251958,0.0003675272272,0.001496983514,0.003848347052,0.005509594978,0.005844160228,2.690286028e-09,2.076230869e-08,1.147794294e-07,4.137431281e-07,0.009440511334,0.0008269963953,0.002645578296,0.005434516883,0.006382866109,0.005759516235,2.868600658e-10,3.353559735e-09,2.694914418e-08,1.322729781e-07,0.009476689524,0.0005898332957,0.00157751587,0.002622234498,0.002321749604,0.001582165052,5.086584311e-13,1.434533556e-11,2.378339084e-10,1.982631405e-09,0.006254463947,8.13681277e-05,0.0002086202635,0.0002803018401,0.0001478689188,5.35982066e-05,8.940054675e-12,1.976034001e-10,2.567599301e-09,1.709251689e-08,0.01113285514,0.0001840627016,0.0003198823532,0.0002995330551,0.0001123592809,2.889604475e-05,9.587344752e-11,1.655272195e-09,1.680037953e-08,8.903632991e-08,0.01657752272,0.0002820834698,0.0003580118138,0.0002503787133,7.045988761e-05,1.349424292e-05,2.262745094e-12,6.898884273e-11,1.099186254e-09,7.956393479e-09,0.01345502385,5.645990079e-05,5.012263919e-05,2.20442277e-05,2.931258402e-06,2.387548187e-07
8,0.01748613852,0.01863053469,0.01781148467,0.0155206765,0.09222846398,0.03399500987,0.04573947005,0.05370653084,0.0529794947,0.04599117489,0.02794199868,0.0304926614,0.02985909168,0.02660070087,0.121086961,0.06255748884,0.09809900617,0.1327881301,0.1524840415,0.1522147924,0.0003481738829,0.0004052922467,0.0004233346316,0.0004002930472,0.01272068022,0.0030397002,0.007200909936,0.01429734515,0.02229893614,0.02915081802,0.0002178876613,0.0002476271638,0.0002525267139,0.000233558466,0.009688977145,0.00165183482,0.0033574836,0.005782601256,0.007747606615,0.008807819187,0.007397539426,0.005558621271,0.003747919714,0.002365999806,0.02080311826,0.002304856197,0.0033115029,0.004132666535,0.004076189876,0.003405281853,0.01232004607,0.0095020389,0.006576043444,0.004252483586,0.0279764827,0.004475878974,0.007596918289,0.01106752853,0.01287897426,0.01252560087,0.0001650567732,0.0001354546205,9.974650672e-05,6.830588616e-05,0.003025228608,0.0002214460413,0.0005588653232,0.001176778585,0.001834137304,0.002306764962,9.910790754e-05,7.923993395e-05,5.684906161e-05,3.800407694e-05,0.002249538985,0.0001140337538,0.0002436098518,0.0004394145871,0.0005805036769,0.0006271303824,1.39712006e-07,2.997868259e-07,4.868628672e-07,5.948648918e-07,0.003051723998,7.74021139e-05,0.0003525767165,0.001068153529,0.001827643042,0.002205612218,1.986826278e-10,8.621215734e-10,2.571461987e-09,5.055786459e-09,0.001300633484,9.945754395e-06,7.349787015e-05,0.0003139330751,0.0006206756347,0.0008022701882,1.81190574e-09,9.69318338e-09,3.714569492e-08,9.547087172e-08,0.003960373631,0.00015806462,0.0007830251631,0.002414204657,0.004028026193,0.004834765199,2.415712535e-09,1.51978122e-08,6.849015116e-08,2.044465325e-07,0.00610945442,0.0003705193039,0.001516732408,0.003917254269,0.005636823078,0.006007946229,2.69296244e-09,2.079211838e-08,1.149948557e-07,4.146882099e-07,0.009446509511,0.000834178535,0.002683573218,0.005541369445,0.006545495501,0.005938005874,2.864576954e-10,3.353075636e-09,2.697920728e-08,1.325745534e-07,0.009488381743,0.0005972499467,0.001608333493,0.002690524132,0.002399188391,0.001645990961,5.090786921e-13,1.439469361e-11,2.392756632e-10,1.999459546e-09,0.006279443917,8.342776466e-05,0.0002159522428,0.0002927359468,0.000156081615,5.716913412e-05,8.983204195e-12,1.992101152e-10,2.596988935e-09,1.734063761e-08,0.0112063401,0.0001900673598,0.000333333574,0.0003147738377,0.0001193298752,3.101315894e-05,9.664035777e-11,1.675133487e-09,1.70694257e-08,9.079346474e-08,0.01672512767,0.0002930959989,0.000375201419,0.0002645042187,7.521269025e-05,1.45567231e-05,2.295137658e-12,7.032981203e-11,1.12620999e-09,8.189993579e-09,0.01361515714,5.95201715e-05,5.339958246e-05,2.371655217e-05,3.196517887e-06,2.639956329e-07
9,0.01753417985,0.01867824349,0.01785377288,0.0155548533,0.09230661357,0.03409643086,0.04593975918,0.05401139466,0.05335076164,0.04637600905,0.02801102485,0.03055727009,0.02991186586,0.02663909083,0.1210846996,0.06258787115,0.09823420223,0.1330812748,0.1529455543,0.1528096705,0.0003494521992,0.0004065712459,0.0004244523486,0.0004011595527,0.01272117631,0.003042491045,0.007217220855,0.01434763629,0.02240505212,0.02932612815,0.0002187480731,0.0002485181662,0.000253346811,0.0002342414023,0.009697746374,0.001657479056,0.003375172602,0.005823026923,0.007815373259,0.008900148663,0.007418462815,0.00557306368,0.00375679489,0.002371099972,0.02081843336,0.002310877132,0.003324474302,0.004153867887,0.004102158304,0.003431700566,0.0123511776,0.009522156973,0.006587273628,0.004258138939,0.02797071662,0.004475411065,0.007601882731,0.01108255682,0.01290527137,0.01256203964,0.0001656644944,0.0001358764604,0.0001000005546,6.844410593e-05,0.003024772832,0.0002215149197,0.000559706804,0.001179857387,0.00184093409,0.002318141485,9.950273006e-05,7.952485648e-05,5.703142052e-05,3.811238195e-05,0.002251319924,0.0001143791609,0.0002447723745,0.000442223919,0.0005851719696,0.0006332703667,1.408972242e-07,3.020663026e-07,4.901369176e-07,5.983830455e-07,0.003054931681,7.785573305e-05,0.0003560045272,0.001082382649,0.001859082912,0.002252105212,2.009598219e-10,8.710209298e-10,2.595081028e-09,5.096921069e-09,0.001302474853,1.00312512e-05,7.452894057e-05,0.0003199288875,0.0006360276645,0.0008265678891,1.828804928e-09,9.776036188e-09,3.743427685e-08,9.614401139e-08,0.003966138536,0.0001594207845,0.0007937452618,0.002458769801,0.00412357711,0.00497376319,2.42940485e-09,1.528063782e-08,6.884847117e-08,2.054749774e-07,0.006116218426,0.000373869199,0.001539042985,0.003995606397,0.005782395076,0.006196399137,2.695831595e-09,2.082435774e-08,1.152289762e-07,4.157183616e-07,0.00945281117,0.0008422067034,0.002726505756,0.005663020416,0.006731967645,0.006143955071,2.85983548e-10,3.352219405e-09,2.70101378e-08,1.32898325e-07,0.009500935754,0.0006055822881,0.001643353824,0.002768798624,0.002488714139,0.001720352811,5.09482648e-13,1.444812719e-11,2.408642317e-10,2.018151556e-09,0.006307084616,8.577988776e-05,0.0002244311051,0.0003072696539,0.0001657978172,6.144290349e-05,9.030555764e-12,2.009965363e-10,2.629912296e-09,1.762006859e-08,0.01128845069,0.0001969900589,0.0003490155226,0.0003327184451,0.0001276345701,3.356473335e-05,9.749281639e-11,1.697415228e-09,1.737329399e-08,9.278855032e-08,0.01689091536,0.0003058901726,0.0003953771143,0.0002812365045,8.090780704e-05,1.584454514e-05,2.331582325e-12,7.18504925e-11,1.157065501e-09,8.458280411e-09,0.01379581185,6.313274625e-05,5.731497543e-05,2.573679243e-05,3.521728426e-06,2.954086984e-07
10,0.01758749443,0.01873113637,0.01790060363,0.01559265691,0.09239240222,0.03420830561,0.04616134738,0.05434938351,0.05376311673,0.04680418634,0.02808755827,0.03062881664,0.02997021421,0.02668145097,0.1210812406,0.06262019299,0.09838161727,0.1334027246,0.1534530849,0.15346539,0.0003508714785,0.0004079892688,0.0004256893755,0.0004021164984,0.01272157588,0.003045487961,0.007235053587,0.01440291114,0.0225220404,0.02951987467,0.0002197040453,0.0002495069504,0.0002542556662,0.0002349971372,0.009707341533,0.001663696292,0.003394738074,0.005867866221,0.007890718441,0.009003031332,0.007441685779,0.005589077184,0.003766624126,0.002376741361,0.0208352226,0.002317509682,0.003338808861,0.004177347162,0.004130968263,0.003461065964,0.01238569726,0.009544435917,0.006599688988,0.004264377038,0.02796411979,0.004474798352,0.007607190403,0.01109889572,0.01293401747,0.01260203952,0.0001663392379,0.0001363441398,0.0001002816897,6.859670798e-05,0.003024233846,0.0002215843357,0.0005606193131,0.001183225623,0.001848399732,0.002330678242,9.994143365e-05,7.984106425e-05,5.723352003e-05,3.82322275e-05,0.002253265465,0.0001147591026,0.000246056774,0.0004453365741,0.0005903564492,0.0006401052086,1.422200601e-07,3.046059609e-07,4.937774256e-07,6.022867069e-07,0.003058421429,7.835534396e-05,0.000359807993,0.001098252341,0.001894315013,0.002304441471,2.035093119e-10,8.809640802e-10,2.621410862e-09,5.142669308e-09,0.00130448193,1.012575609e-05,7.567860211e-05,0.0003266580927,0.0006533697035,0.0008541840094,1.8476644e-09,9.868327519e-09,3.77550673e-08,9.689066309e-08,0.00397241265,0.0001609196732,0.000805693249,0.002508751575,0.00423140241,0.005131497429,2.444560798e-09,1.537211883e-08,6.924331528e-08,2.066056323e-07,0.00612345975,0.0003775652743,0.001563909083,0.004083568261,0.005946960438,0.006410771628,2.698840198e-09,2.085852774e-08,1.154785608e-07,4.168204145e-07,0.009459253135,0.0008510478619,0.002774365026,0.005799777746,0.00694326137,0.006378958632,2.854311753e-10,3.350886369e-09,2.704088955e-08,1.332383636e-07,0.009514124442,0.0006148100998,0.001682638435,0.002857454244,0.002591086718,0.001806121814,5.09845963e-13,1.450480933e-11,2.425848424e-10,2.038585899e-09,0.006337177624,8.843270424e-05,0.0002341288654,0.000324092217,0.0001771965365,6.652163144e-05,9.081604125e-12,2.029517558e-10,2.666254839e-09,1.793036162e-08,0.01137884745,0.0002048809288,0.0003671148858,0.0003536585444,0.000137453763,3.662059897e-05,9.84255343e-11,1.722051544e-09,1.771181672e-08,9.502435251e-08,0.01707450206,0.0003205992922,0.0004188384444,0.0003008939074,8.768485909e-05,1.739670678e-05,2.37200673e-12,7.355223319e-11,1.191859357e-09,8.762788513e-09,0.01399685009,6.736028482e-05,6.195904301e-05,2.816255986e-05,3.918687228e-06,3.343971761e-07
11,0.01764601361,0.01878912902,0.01795188613,0.01563400039,0.09248543517,0.03433027843,0.04640372839,0.05471994008,0.05421610958,0.04727547317,0.028171479,0.03070716174,0.03003399489,0.02672765268,0.1210763051,0.06265399226,0.0985402622,0.1337508716,0.1540045317,0.154179695,0.0003524300878,0.0004095440619,0.0004270430774,0.0004031612198,0.01272183327,0.003048656701,0.007254302315,0.01446292988,0.02264950057,0.02973153796,0.0002207546905,0.0002505922326,0.0002552517148,0.0002358240262,0.009717708888,0.001670463918,0.003416133332,0.005917050462,0.007973582279,0.009116456773,0.007467179322,0.005606636798,0.003777388578,0.002382911004,0.02085340181,0.002324730028,0.00335446884,0.004203057685,0.004162578167,0.003493352933,0.01242355164,0.009568832522,0.006613259052,0.004271178316,0.02795664192,0.0044740137,0.007612773499,0.01111642075,0.01296504083,0.01264541232,0.0001670802298,0.0001368569116,0.0001005893042,6.876325427e-05,0.003023602464,0.0002216520882,0.0005615951549,0.001186863907,0.001856500265,0.00234433049,0.0001004236207,8.018815199e-05,5.745501361e-05,3.836335156e-05,0.002255363762,0.0001151720356,0.0002474595425,0.0004487467303,0.0005960511479,0.0006476320094,1.436811645e-07,3.074056038e-07,4.977818004e-07,6.065704892e-07,0.003062167521,7.8899057e-05,0.0003639813809,0.001115764252,0.001933396982,0.002362784815,2.063348961e-10,8.919591364e-10,2.650453635e-09,5.193000386e-09,0.001306641044,1.022901049e-05,7.694683717e-05,0.0003341348553,0.0006727761697,0.0008852963972,1.868492537e-09,9.970042485e-09,3.810780031e-08,9.770969266e-08,0.003979150221,0.0001625571302,0.0008188673239,0.002564243972,0.004351927161,0.005308896864,2.461147694e-09,1.547199475e-08,6.967326656e-08,2.07833608e-07,0.006131088523,0.0003815950388,0.001591325666,0.004181330507,0.006131263904,0.0066525053,2.701931203e-09,2.08940938e-08,1.157401455e-07,4.179802292e-07,0.009465660486,0.0008606661371,0.002827141076,0.005951993387,0.007180496585,0.006644854044,2.847936599e-10,3.348964216e-09,2.707033784e-08,1.335882795e-07,0.009527704182,0.000624911014,0.001726256538,0.002956941826,0.002707181525,0.001904313677,5.101424678e-13,1.456384475e-11,2.444213847e-10,2.060628995e-09,0.00636949901,9.13952973e-05,0.0002451279279,0.0003434246022,0.0001904910867,7.252931659e-05,9.135800402e-12,2.050638239e-10,2.705889752e-09,1.827101188e-08,0.0114771669,0.0002137969564,0.0003878486197,0.0003779390837,0.0001490050045,4.026654287e-05,9.943271556e-11,1.748969405e-09,1.808480047e-08,9.750391088e-08,0.01727548173,0.0003373772478,0.0004459377402,0.0003238568463,9.571385596e-05,1.926156701e-05,2.416329057e-12,7.543646373e-11,1.230710108e-09,9.105248958e-09,0.01421813485,7.22770019e-05,6.744092893e-05,3.106484026e-05,4.402275081e-06,3.82772459e-07
12,0.01770967123,0.0188521383,0.01800752942,0.01567879572,0.09258530243,0.03446198154,0.04666638457,0.05512250444,0.05470930337,0.04778966873,0.02826266896,0.0307921659,0.03010306399,0.02677756417,0.121069597,0.06268878115,0.09870909818,0.1341240318,0.1545976979,0.1549502338,0.0003541264715,0.0004112334009,0.0004285107961,0.0004042909911,0.01272190012,0.003051961107,0.007274855722,0.01452744084,0.02278701343,0.0299605762,0.0002218991913,0.0002517727715,0.0002563334008,0.000236720406,0.009728792354,0.001677758371,0.003439310267,0.005970510366,0.008063908117,0.009240424983,0.007494915593,0.00562571794,0.003789069394,0.002389595772,0.02087288341,0.002332513449,0.00337141541,0.004230951982,0.004196946537,0.003528537798,0.01246468821,0.009595303535,0.006627952898,0.0042785227,0.02794822899,0.004473028252,0.00761856042,0.01113500085,0.01299816086,0.01269196058,0.000167886733,0.0001374140381,0.0001009227843,6.894329628e-05,0.003022868887,0.0002217158449,0.0005626262094,0.001190751822,0.001865199953,0.00235905125,0.0001009489264,8.056572846e-05,5.769555686e-05,3.850548913e-05,0.002257602435,0.0001156163478,0.0002489770466,0.0004524484416,0.0006022501619,0.0006558483575,1.452814462e-07,3.104653842e-07,5.021477357e-07,6.112290804e-07,0.003066142957,7.948487449e-05,0.0003685187423,0.001134921305,0.001976394652,0.00242732034,2.094411286e-10,9.040163991e-10,2.682215244e-09,5.247886636e-09,0.001308937842,1.034073949e-05,7.833368482e-05,0.0003423751573,0.0006943309119,0.0009201067043,1.891301171e-09,1.008117727e-08,3.849222734e-08,9.859995882e-08,0.00398630313,0.0001643287338,0.0008332661288,0.002625353287,0.00448563026,0.0055070133,2.47913203e-09,1.557999446e-08,7.013683624e-08,2.091537383e-07,0.0061390097,0.0003859450454,0.001621287835,0.004289106581,0.006336142947,0.006923234184,2.705044151e-09,2.093048865e-08,1.160100483e-07,4.191827537e-07,0.009471847676,0.0008710225123,0.002884822583,0.006120057969,0.007444931803,0.006943728993,2.840637042e-10,3.346334031e-09,2.709728708e-08,1.339412533e-07,0.009541416171,0.0006358599778,0.001774282784,0.003067764596,0.00283799353,0.002016099949,5.103443623e-13,1.462427274e-11,2.463563903e-10,2.084134418e-09,0.006403809491,9.467743921e-05,0.000257521227,0.0003655221392,0.0002059337644,7.961572218e-05,9.192552424e-12,2.073196775e-10,2.74867588e-09,1.864143675e-08,0.0115830197,0.0002238018742,0.0004114660553,0.0004059645972,0.0001625490621,4.460751338e-05,1.005080235e-10,1.778087155e-09,1.849200295e-08,1.002303869e-07,0.01749342045,0.0003563994984,0.0004770856157,0.0003505767115,0.0001052007697,2.14988957e-05,2.464455129e-12,7.750456502e-11,1.273746055e-09,9.487577364e-09,0.01445952246,7.797006743e-05,7.389189343e-05,3.453075135e-05,4.991226633e-06,4.428728256e-07
13,0.01777840334,0.01892008213,0.01806744234,0.01572695377,0.09269158015,0.03460303515,0.04694878574,0.0555565109,0.05524226982,0.04834659894,0.02836101166,0.03088368933,0.03017727561,0.02683105069,0.1210608053,0.06272404877,0.09888704037,0.1345204488,0.1552302932,0.1557745574,0.0003559591434,0.0004130550856,0.0004300898484,0.0004055030276,0.01272172567,0.003055363285,0.007296597276,0.01459618064,0.0229341403,0.03020642316,0.0002231367942,0.000253047363,0.0002574991738,0.0002376845933,0.009740533704,0.001685555145,0.003464219182,0.006028175465,0.008161641262,0.009374944471,0.00752486777,0.005646296382,0.003801647691,0.002396782373,0.02089357672,0.002340834347,0.003389608596,0.004260981598,0.004234031683,0.003566597921,0.01250905522,0.009623805624,0.006643739164,0.004286389656,0.02793882378,0.004471811646,0.007624476133,0.01115449884,0.01303318864,0.01274147783,0.0001687580434,0.0001380147891,0.0001012815102,6.913637548e-05,0.00302202279,0.0002217731576,0.0005637039637,0.001194867959,0.0018744613,0.002374791227,0.0001015170163,8.097341478e-05,5.795480675e-05,3.865837205e-05,0.002259968619,0.0001160903601,0.0002506055193,0.000456435601,0.0006089475686,0.0006647522026,1.470220609e-07,3.137857811e-07,5.068731738e-07,6.162572087e-07,0.003070319577,8.01106857e-05,0.0003734138195,0.001155727226,0.002023381042,0.00249825332,2.128333041e-10,9.171482606e-10,2.716705016e-09,5.307302911e-09,0.001311357342,1.046064963e-05,7.983920083e-05,0.0003513965863,0.000718126951,0.0009588408548,1.916105392e-09,1.020173802e-08,3.890811317e-08,9.956030368e-08,0.003993821076,0.0001662297616,0.0008488883382,0.002692196532,0.004633042516,0.005727022723,2.498479343e-09,1.569583543e-08,7.06324613e-08,2.105605756e-07,0.006147123521,0.0003906007846,0.0016537898,0.004407129512,0.006562525059,0.007224788736,2.708115527e-09,2.09671152e-08,1.162843865e-07,4.204120838e-07,0.009477619674,0.0008820745176,0.002947394421,0.00630439503,0.007737961381,0.007277929754,2.832337224e-10,3.342871389e-09,2.712047893e-08,1.342900693e-07,0.009554987796,0.0006476286959,0.001826794862,0.003190475702,0.002984641692,0.002142820907,5.104224349e-13,1.46850707e-11,2.483710228e-10,2.10894213e-09,0.006439854615,9.828937991e-05,0.0002714123449,0.0003906775032,0.0002238213484,8.79610811e-05,9.251225322e-12,2.097050726e-10,2.79445558e-09,1.90409535e-08,0.01169598885,0.0002349660036,0.0004382512266,0.0004382065175,0.0001783971964,4.977157579e-05,1.016445479e-10,1.809313001e-09,1.893310818e-08,1.032068981e-07,0.01772785074,0.000377864115,0.0005127572676,0.0003815863781,0.0001163943285,2.418243908e-05,2.516275355e-12,7.97577285e-11,1.321102731e-09,9.911859573e-09,0.01472085463,8.454122182e-05,8.146915511e-05,3.866695565e-05,5.709116452e-06,5.177201991e-07
14,0.01785214795,0.01899287925,0.01813153342,0.0157783843,0.09280383192,0.03475304751,0.04725038795,0.05602138482,0.05581458411,0.04894611034,0.02846639198,0.03098159185,0.03025648192,0.02688797473,0.121049606,0.06275926391,0.09907296162,0.1349382973,0.1558999364,0.156650119,0.0003579266788,0.0004150069336,0.0004317775246,0.000406794488,0.01272125711,0.003058823783,0.00731940551,0.01466887435,0.02309042241,0.03046848601,0.0002244668039,0.000254414835,0.0002587474855,0.0002387148838,0.009752872773,0.001693828793,0.003490808635,0.0060899735,0.008266727706,0.009520030295,0.007557009954,0.005668348185,0.003815104536,0.002404457356,0.02091538829,0.002349666268,0.003409007225,0.004293096902,0.004273791372,0.003607511295,0.01255660157,0.009654295344,0.006660586071,0.004294758222,0.02792836635,0.004470332235,0.007630442551,0.01117477197,0.01306992733,0.01279374885,0.0001696934867,0.0001386584407,0.0001016648556,6.934202379e-05,0.003021053398,0.0002218214762,0.0005648195429,0.001199189962,0.001884245064,0.002391498734,0.0001021275829,8.14108428e-05,5.823242093e-05,3.882172885e-05,0.002262449012,0.0001165923276,0.0002523410522,0.0004607019028,0.0006161373429,0.0006743417269,1.489044008e-07,3.173675749e-07,5.119562703e-07,6.216496081e-07,0.003074668164,8.077426213e-05,0.0003786599509,0.001178186062,0.00207443529,0.002575808038,2.165174445e-10,9.313691108e-10,2.753935385e-09,5.371225983e-09,0.001313883988,1.058842664e-05,8.146341604e-05,0.0003612181106,0.0007442661976,0.00100174955,1.942923347e-09,1.033173968e-08,3.935523167e-08,1.005895434e-07,0.004001651759,0.0001682551542,0.00086573223,0.002764899734,0.004794744572,0.005970226701,2.519154084e-09,1.581922304e-08,7.115850205e-08,2.120483866e-07,0.006155325986,0.000395546579,0.001688823789,0.004535648443,0.006811424699,0.007559200059,2.711079115e-09,2.100334964e-08,1.16559094e-07,4.216515289e-07,0.009482773128,0.0008937759238,0.003014835098,0.006505454712,0.008061112229,0.00765007011,2.822959345e-10,3.338447494e-09,2.713860094e-08,1.346271529e-07,0.009568134069,0.0006601850596,0.001883870892,0.003325675309,0.00314837356,0.002285999929,5.103462983e-13,1.47451582e-11,2.504450782e-10,2.134877796e-09,0.006477365022,0.0001022416077,0.0002869155763,0.0004192240023,0.0002445014953,9.778176181e-05,9.311142476e-12,2.122045217e-10,2.843052588e-09,1.94687562e-08,0.01181562786,0.0002473660305,0.0004685253833,0.0004752115516,0.000196919827,5.591477243e-05,1.028347753e-10,1.842543467e-09,1.940770033e-08,1.06436338e-07,0.0179782657,0.0004019928454,0.0005534995848,0.0004175125265,0.0001295942496,2.740312045e-05,2.571661567e-12,8.219680387e-11,1.372920051e-09,1.03803343e-08,0.0150019502,9.210861399e-05,9.036047316e-05,4.360386593e-05,6.585618934e-06,6.112272505e-07
15,0.01793084484,0.0190704491,0.01819971077,0.01583299596,0.09292161006,0.03491161512,0.04757063227,0.05651653949,0.05642581979,0.04958806392,0.02857869584,0.03108573275,0.03034053323,0.02694819629,0.1210356643,0.06279387764,0.09926569617,0.1353756871,0.1566041568,0.1575742722,0.0003600277067,0.0004170867754,0.0004335710869,0.0004081624766,0.0127204399,0.003062301773,0.007343154314,0.01474523561,0.02325538028,0.03074614315,0.0002258885774,0.000255874043,0.0002600767863,0.0002398095506,0.009765747662,0.001702552938,0.003519025273,0.006155829812,0.008379112814,0.009675702072,0.007591317063,0.005691849654,0.003829420931,0.002412607105,0.02093822218,0.00235898193,0.003429568875,0.004327246906,0.004316182506,0.003651256126,0.01260727666,0.009686729101,0.006678461444,0.004303607044,0.02791679454,0.004468557297,0.007636378899,0.01119567235,0.01310817274,0.01284854995,0.0001706924139,0.0001393442726,0.0001020721877,6.955976412e-05,0.003019949568,0.0002218581645,0.0005659637429,0.001203694573,0.001894510278,0.002409119619,0.0001027803441,8.187765359e-05,5.852805702e-05,3.899528453e-05,0.002265029924,0.000117120441,0.0002541795873,0.0004652408047,0.0006238132715,0.0006846152136,1.509300837e-07,3.212118245e-07,5.173953587e-07,6.274009835e-07,0.003079158571,8.147325296e-05,0.0003842499734,0.001202301675,0.002129641521,0.002660226519,2.205002871e-10,9.466952465e-10,2.793921579e-09,5.439633935e-09,0.001316501701,1.072373322e-05,8.320629292e-05,0.0003718598365,0.0007728591271,0.001049108777,1.971776055e-09,1.047120492e-08,3.983336165e-08,1.016864584e-07,0.004009741065,0.0001703994802,0.0008837952396,0.002843596131,0.004971364574,0.006238053718,2.541119482e-09,1.594984988e-08,7.171323998e-08,2.13611149e-07,0.006163509338,0.0004007654801,0.001726378927,0.004674924881,0.007083939742,0.007928704093,2.713866376e-09,2.103854459e-08,1.168299404e-07,4.228836836e-07,0.009487097571,0.0009060764517,0.003087114066,0.006723706864,0.008416039696,0.008063040434,2.812424615e-10,3.332930363e-09,2.715029592e-08,1.34944612e-07,0.009580559124,0.0006734925729,0.001945586586,0.003474007112,0.003330569868,0.002447359254,5.100846451e-13,1.480340198e-11,2.52557001e-10,2.16175222e-09,0.006516056783,0.0001065445787,0.000304155908,0.0004515391354,0.0002683801165,0.0001093370579,9.371586926e-12,2.148012404e-10,2.894269908e-09,1.992389185e-08,0.01194145906,0.0002610846888,0.0005026496338,0.0005176111753,0.0002185567959,6.322707395e-05,1.040705631e-10,1.877661863e-09,1.991523631e-08,1.099211797e-07,0.01824411314,0.0004290321487,0.00059993907,0.0004590899742,0.0001451611755,3.127302382e-05,2.630463791e-12,8.482213513e-11,1.429339097e-09,1.089537201e-08,0.01530259652,0.0001008088681,0.0001007895795,4.950080975e-05,7.658116235e-06,7.284711512e-07
16,0.01801443528,0.01915271159,0.01827188206,0.0158906963,0.09304445689,0.03507832276,0.04790894364,0.05704137286,0.05707554357,0.05027232883,0.02869780998,0.03119597069,0.03042927809,0.02701157302,0.1210186368,0.06282732607,0.09946404348,0.1358306667,0.157340397,0.1585442707,0.0003622609024,0.0004192924487,0.0004354677676,0.0004096040455,0.01271921809,0.003065755228,0.007367713238,0.01482496686,0.02342851322,0.03103874206,0.000227401519,0.0002574238649,0.0002614855228,0.0002409668435,0.009779094943,0.001711700277,0.003548813681,0.006225666729,0.008498740012,0.009841981931,0.007627764728,0.005716777275,0.003844577796,0.002421217849,0.02096198028,0.002368753244,0.003451249828,0.004363379074,0.004361160785,0.003697810421,0.01266103031,0.009721063119,0.006697332722,0.004312914417,0.02790404446,0.00446645325,0.007642202087,0.01121704752,0.01314771378,0.01290564922,0.0001717541982,0.0001400715672,0.0001025028668,6.97891108e-05,0.003018699864,0.0002218805141,0.0005671270628,0.001208357677,0.001905214277,0.002427597196,0.0001034750397,8.23734958e-05,5.884137192e-05,3.917876043e-05,0.002267697326,0.0001176728286,0.0002561169092,0.0004700454902,0.0006319688677,0.000695570913,1.531009437e-07,3.253198434e-07,5.231889156e-07,6.33505977e-07,0.003083759821,8.220518103e-05,0.0003901761255,0.001228077214,0.002189087645,0.002751767123,2.247892749e-10,9.631447824e-10,2.836681292e-09,5.512505557e-09,0.001319193942,1.086620693e-05,8.506768051e-05,0.0003833427473,0.0008040244015,0.001101220292,2.002687216e-09,1.062016298e-08,4.034228262e-08,1.028497844e-07,0.004018033255,0.0001726569017,0.0009030734984,0.002928424222,0.005163575504,0.006532060242,2.564337423e-09,1.60873951e-08,7.229487584e-08,2.1524255e-07,0.006171562554,0.000406239171,0.001766440056,0.004825228627,0.007381247272,0.008335745459,2.716406838e-09,2.107203252e-08,1.170925519e-07,4.240905054e-07,0.009490376646,0.0009189215021,0.00316418894,0.00695963345,0.008804522363,0.008520016518,2.800654235e-10,3.326186063e-09,2.715417188e-08,1.352342826e-07,0.009591957805,0.0006875097837,0.002012012176,0.003636154158,0.00353274887,0.002628837017,5.096055233e-13,1.485862171e-11,2.546839186e-10,2.189360935e-09,0.006555631855,0.0001112084117,0.0003232688788,0.000488048374,0.0002959298214,0.0001229372886,9.431803337e-12,2.174771059e-10,2.947887805e-09,2.040523639e-08,0.01207297202,0.0002762103276,0.0005410276568,0.000566132292,0.00024382946,7.193964598e-05,1.053431193e-10,1.914536778e-09,2.045501725e-08,1.136632652e-07,0.01852478965,0.0004592541418,0.0006527905575,0.0005071782359,0.0001635286199,3.593034306e-05,2.692507007e-12,8.763338535e-11,1.490498478e-09,1.145944935e-08,0.01562254062,0.000110799381,0.0001130225829,5.655235346e-05,8.973748514e-06,8.760556638e-07
17,0.01810286183,0.01923958702,0.01834795439,0.01595139175,0.09317190605,0.03525274374,0.04826472975,0.0575952645,0.05776331028,0.05099877611,0.02882362169,0.0313121636,0.03052256332,0.02707796052,0.1209981736,0.06285903297,0.09966677204,0.1363012272,0.1581060153,0.1595572675,0.0003646249797,0.0004216217935,0.0004374647682,0.0004111161977,0.01271753469,0.003069141111,0.007392947811,0.01490775957,0.02360929881,0.03134559733,0.0002290050743,0.0002590631962,0.0002629721341,0.0002421849874,0.00979284986,0.001721242596,0.00358011623,0.006299402967,0.008625549445,0.01001889243,0.007666329188,0.005743107669,0.003860555946,0.002430275652,0.02098656259,0.002378951346,0.003474005022,0.00440143914,0.004408680388,0.003747151569,0.0127178126,0.009757253406,0.006717166986,0.004322658321,0.02789005095,0.004463985871,0.007647827085,0.01123874092,0.013188333,0.01296480691,0.0001728782313,0.0001408396073,0.0001029562457,7.002957009e-05,0.003017292633,0.0002218857605,0.000568299739,0.001213154356,0.001916312722,0.002446872194,0.0001042114295,8.289802418e-05,5.917202112e-05,3.937187408e-05,0.002270436896,0.0001182475581,0.0002581486382,0.0004751088315,0.0006405972849,0.0007072069062,1.554190216e-07,3.296931772e-07,5.293355255e-07,6.399591336e-07,0.003088440235,8.296743952e-05,0.0003964299496,0.001255514577,0.002252864069,0.002850702993,2.293925477e-10,9.807375638e-10,2.882234372e-09,5.589819735e-09,0.001321943758,1.101545805e-05,8.70472678e-05,0.0003956884205,0.0008378884193,0.001158412031,2.03568303e-09,1.077864855e-08,4.08817706e-08,1.040782027e-07,0.004026471157,0.0001750211416,0.0009235613574,0.003019525675,0.005372092094,0.006853931353,2.588768325e-09,1.623152385e-08,7.290152823e-08,2.169359854e-07,0.006179371859,0.0004119478753,0.001808986526,0.00498683336,0.007704598542,0.008782980632,2.718628495e-09,2.110312933e-08,1.173424324e-07,4.25253401e-07,0.009492389386,0.0009322519173,0.003246002607,0.007213720217,0.009228455437,0.009024467704,2.78757038e-10,3.318079999e-09,2.714881278e-08,1.354877802e-07,0.009602017332,0.0007021897322,0.00208320909,0.003812833815,0.00375657016,0.0028326054,5.088766335e-13,1.490959687e-11,2.568016973e-10,2.217483989e-09,0.006595778666,0.0001162425472,0.0003444002793,0.0005292291059,0.0003276995127,0.0001389534259,9.491000599e-12,2.202126315e-10,3.003661928e-09,2.091147065e-08,0.01220962219,0.0002928363329,0.0005841083998,0.0006216090887,0.0002733548711,8.233369903e-05,1.066429909e-10,1.953020646e-09,2.102615925e-08,1.176635787e-07,0.0188196349,0.0004929573862,0.0007128666898,0.0005627805429,0.0001852172829,4.154552018e-05,2.757587957e-12,9.062935103e-11,1.556530257e-09,1.207511832e-08,0.01596148016,0.000122260845,0.00012737548,6.499602491e-05,1.059202609e-05,1.062590377e-06
18,0.01819606812,0.01933099581,0.01842783425,0.01601498767,0.09330348374,0.03543443999,0.04863737993,0.05817757248,0.05848865767,0.05176727235,0.02895601858,0.0314341686,0.03062023414,0.02714721247,0.12097392,0.06288841249,0.09987262327,0.1367853071,0.1588982889,0.1606103151,0.0003671186835,0.0004240726463,0.0004395592573,0.0004126958888,0.01271533192,0.00307241556,0.007418719877,0.01499329451,0.02379719256,0.03166598874,0.0002306987251,0.0002607909455,0.0002645350489,0.0002434621815,0.00980694653,0.001731150787,0.003612872932,0.006376953027,0.00875947664,0.01020645443,0.007706987193,0.00577081754,0.003877336081,0.002439766423,0.02101186755,0.002389546621,0.003497788011,0.004441370935,0.004458693644,0.003799255922,0.01277757377,0.009795255722,0.006737930972,0.004332816457,0.02787474807,0.004461120499,0.007653167303,0.01126059244,0.01322980716,0.01302577574,0.0001740639199,0.0001416476749,0.0001034316703,7.028064073e-05,0.003015716085,0.0002218710975,0.00056947178,0.001218058941,0.001927759649,0.002466882712,0.0001049892902,8.345089806e-05,5.951965804e-05,3.957433903e-05,0.002273234068,0.0001188426386,0.0002602702235,0.0004804233534,0.0006496912306,0.0007195209668,1.578865549e-07,3.343335803e-07,5.358338463e-07,6.46754869e-07,0.003093167537,8.375728932e-05,0.000403002196,0.001284613847,0.002321062322,0.002957320306,2.343189346e-10,9.99495079e-10,2.930602494e-09,5.671554849e-09,0.001324733847,1.117106774e-05,8.914453583e-05,0.0004089187215,0.0008745847789,0.00122103842,2.070792002e-09,1.094670065e-08,4.145159393e-08,1.05370331e-07,0.004034996363,0.0001774854528,0.0009452508994,0.003117043075,0.005597667232,0.00720548071,2.614371021e-09,1.638188672e-08,7.35312326e-08,2.186845623e-07,0.00618682124,0.000417870277,0.00185399096,0.005160011838,0.008055312931,0.009273280095,2.72045823e-09,2.113113806e-08,1.17574988e-07,4.263533192e-07,0.00949291152,0.0009460037833,0.003332480277,0.007486447552,0.009689842447,0.009580163778,2.773097197e-10,3.308478242e-09,2.713278992e-08,1.356965562e-07,0.009610419064,0.0007174794296,0.002159226394,0.004004791756,0.004003837677,0.003061089671,5.078656456e-13,1.495507457e-11,2.588850233e-10,2.245885978e-09,0.006636172855,0.0001216553681,0.0003677056502,0.0005756146602,0.0003643252103,0.0001578284887,9.548355151e-12,2.229869592e-10,3.061321657e-09,2.144105698e-08,0.01235082977,0.0003110603777,0.0006323886688,0.0006849960992,0.0003078623291,9.475123912e-05,1.079600594e-10,1.992948424e-09,2.16275638e-08,1.219220061e-07,0.01912792605,0.0005304674358,0.0007810880891,0.0006270655514,0.0002108521505,4.83288458e-05,2.825472061e-12,9.380776748e-11,1.627555414e-09,1.274496947e-08,0.01631905423,0.0001353999844,0.0001442229167,7.512171814e-05,1.258815448e-05,1.299325289e-06
19,0.01829399858,0.01942685845,0.0185114274,0.01608138828,0.09343870999,0.0356229624,0.04902626419,0.05878763041,0.05925110138,0.05257767323,0.0290948883,0.03156184184,0.0307221342,0.02721918091,0.1209455188,0.06291487183,0.1000803155,0.1372807958,0.1597144167,0.1617003656,0.0003697407827,0.0004266428357,0.0004417483702,0.0004143400301,0.01271255156,0.003075534074,0.007444887951,0.01508124214,0.0239916277,0.03199915957,0.0002324819839,0.0002626060297,0.0002661726829,0.0002447965987,0.009821318148,0.001741394864,0.003647021311,0.006458226614,0.008900451161,0.01040468492,0.007749715901,0.005799883622,0.003894898767,0.00244967591,0.02103779229,0.002400508741,0.00352255093,0.004483116214,0.004511150718,0.003854098374,0.01284026413,0.009835025551,0.006759591096,0.004343366282,0.02785806952,0.004457822249,0.007658134969,0.01128243894,0.01327190777,0.01308830133,0.0001753106818,0.0001424950491,0.0001039284786,7.054181444e-05,0.003013958361,0.0002218336926,0.0005706330031,0.001223045073,0.001939507514,0.002487564194,0.0001058084137,8.403177984e-05,5.988393341e-05,3.978586476e-05,0.00227607408,0.0001194560232,0.0002624769378,0.0004859811984,0.0006592428811,0.0007325104211,1.60505969e-07,3.392429929e-07,5.426825753e-07,6.538874366e-07,0.003097908976,8.457185751e-05,0.0004098827292,0.001315372722,0.00239377359,0.003071916314,2.395779464e-10,1.019440372e-09,2.981808836e-09,5.757688166e-09,0.001327546611,1.133258626e-05,9.135870862e-05,0.0004230554725,0.0009142536409,0.001289480534,2.108044762e-09,1.112436146e-08,4.20515091e-08,1.06724715e-07,0.004043549432,0.0001800425913,0.0009681314415,0.003221117501,0.005841087779,0.007588649647,2.641102659e-09,1.653811937e-08,7.418194091e-08,2.204811027e-07,0.006193792986,0.0004239834523,0.00190141799,0.005345030711,0.008434770727,0.009809729071,2.721822251e-09,2.115535292e-08,1.177855515e-07,4.273708532e-07,0.009491716821,0.0009601082807,0.003423526494,0.0077782805,0.01019078492,0.01019118007,2.757161797e-10,3.2972489e-09,2.710467412e-08,1.358519596e-07,0.009616840357,0.0007333193801,0.002240097,0.004212794827,0.004276501549,0.00331698785,5.065405356e-13,1.499377862e-11,2.609075103e-10,2.274316349e-09,0.006676478175,0.0001274537828,0.0003933495319,0.0006277983102,0.0004065421708,0.0001800909755,9.603015068e-12,2.257778749e-10,3.120568706e-09,2.199221687e-08,0.01249597892,0.0003309834698,0.0006864154906,0.0007573824534,0.0003482126107,0.0001096080923,1.092835488e-10,2.034136416e-09,2.225788823e-08,1.264370813e-07,0.01944887248,0.0005721370522,0.0008584941163,0.0007013919666,0.0002411828487,5.653985351e-05,2.895890546e-12,9.716510722e-11,1.703678827e-09,1.347158856e-08,0.01669483408,0.0001504524815,0.0001640083522,8.728311319e-05,1.505726226e-05,1.600991317e-06
20,0.0183965983,0.01952709525,0.01859863886,0.01615049676,0.09357709992,0.03581785106,0.04943073232,0.05942474453,0.06005012988,0.05342981721,0.02924011831,0.0316950385,0.03082810569,0.02729371646,0.1209126121,0.06293781392,0.1002885483,0.1377855393,0.1605515236,0.162824272,0.0003724900626,0.0004293301771,0.0004440292072,0.0004160454916,0.01270913527,0.003078451715,0.007471307604,0.01517126302,0.02419201505,0.03234431514,0.0002343543886,0.0002645073696,0.0002678834356,0.0002461863842,0.00983589719,0.001751943993,0.003682496283,0.006543128066,0.009048395265,0.0106135948,0.007794492783,0.005830282632,0.00391322442,0.002459989711,0.02106423295,0.002411806695,0.003548244468,0.004526614497,0.004565999298,0.003911651945,0.0129058339,0.009876518068,0.006782113468,0.004354285054,0.02783994912,0.004454056218,0.007662641511,0.01130411484,0.01331440175,0.01315212261,0.0001766179432,0.0001433810051,0.0001044460008,7.081257646e-05,0.003012007609,0.0002217707024,0.0005717730713,0.001228085765,0.001951507261,0.002508849419,0.0001066686039,8.464033359e-05,6.026449468e-05,4.000615655e-05,0.002278942021,0.0001200856115,0.0002647638722,0.0004917740934,0.0006692437972,0.0007461720062,1.632798674e-07,3.444235181e-07,5.498804142e-07,6.613508969e-07,0.003102631443,8.540813684e-05,0.000417060437,0.001347785925,0.002471087144,0.003194797144,2.451797695e-10,1.040597952e-09,3.035877754e-09,5.848195241e-09,0.00133036422,1.149953149e-05,9.368870334e-05,0.0004381200953,0.0009570409712,0.001364146053,2.147473866e-09,1.131167522e-08,4.268125664e-08,1.081398193e-07,0.0040520701,0.0001826847919,0.0009921890313,0.003331885929,0.006103169719,0.008005505161,2.668918601e-09,1.669984217e-08,7.485152192e-08,2.223181509e-07,0.006200168239,0.0004302628173,0.001951222989,0.005542144919,0.008844404556,0.01039562642,2.722646537e-09,2.117506345e-08,1.1796941e-07,4.28286351e-07,0.009488578492,0.000974491595,0.003519022138,0.008089657909,0.01073346974,0.01086190012,2.739695242e-10,3.284263516e-09,2.706304843e-08,1.359453042e-07,0.009620956516,0.000749643162,0.002325833665,0.004437622667,0.004576658405,0.00360329062,5.048699391e-13,1.502441963e-11,2.628418374e-10,2.302510019e-09,0.006716347588,0.0001336427711,0.0004215044188,0.0006864371242,0.0004551983455,0.0002063706295,9.654104986e-12,2.285618474e-10,3.181076076e-09,2.256291024e-08,0.01264441727,0.0003527087703,0.0007467881059,0.0008400072512,0.0003954201962,0.0001274096386,1.106020443e-10,2.076381289e-09,2.291551682e-08,1.312057225e-07,0.01978161092,0.0006183459832,0.000946254071,0.0007873362854,0.0002771077893,6.649890819e-05,2.968537846e-12,1.006963742e-10,1.78498379e-09,1.425750597e-08,0.01708831395,0.000167686052,0.000187255777,0.0001019114982,1.811976958e-05,1.98691352e-06
21,0.01850381275,0.01963162625,0.01868937281,0.0162222152,0.09371816503,0.0360186356,0.04985011309,0.06008819095,0.06088519958,0.054323519,0.02939159567,0.03183361261,0.03093798946,0.02737066848,0.1208748432,0.06295664011,0.1004960061,0.1382973445,0.1614066647,0.1639787896,0.0003753653182,0.0004321324684,0.0004463988332,0.0004178091044,0.01270502487,0.003081123296,0.007497831861,0.01526300833,0.02439774313,0.03270062152,0.0002363154977,0.0002664938854,0.0002696656882,0.0002476296555,0.009850615612,0.001762766518,0.003719230055,0.006631555814,0.00920322257,0.01083318665,0.007841295525,0.005861991223,0.0039322933,0.00247069327,0.02109108496,0.002423408832,0.003574817848,0.004571802924,0.004623184298,0.003971887364,0.01297423313,0.00991968812,0.006805463921,0.00436554986,0.0278203212,0.004449787692,0.007666597948,0.01132545268,0.01335705204,0.01321697232,0.0001779851347,0.0001443048121,0.0001049835595,7.109240619e-05,0.003009852056,0.0002216792877,0.0005728815328,0.001233153478,0.001963708392,0.002530668515,0.0001075696749,8.527622359e-05,6.06609854e-05,4.023491545e-05,0.002281822879,0.0001207292529,0.0002671259328,0.0004977933187,0.000679684842,0.0007605017288,1.662110224e-07,3.498773988e-07,5.574260365e-07,6.691390873e-07,0.003107301591,8.626298657e-05,0.0004245231446,0.001381844606,0.00255308868,0.003326275338,2.511352588e-10,1.062993706e-09,3.092834445e-09,5.943049322e-09,0.001333168669,1.167138764e-05,9.613308002e-05,0.0004541332269,0.001003097652,0.001445468974,2.18911361e-09,1.150868703e-08,4.334055704e-08,1.096140199e-07,0.004060497489,0.0001854037488,0.001017405941,0.003449478461,0.006384752541,0.008458236547,2.697772344e-09,1.686666004e-08,7.553776229e-08,2.24187983e-07,0.006205827562,0.0004366820921,0.002003350807,0.005751591693,0.009285689308,0.01103448123,2.722857308e-09,2.118955887e-08,1.181218333e-07,4.290800344e-07,0.009483270588,0.0009890748949,0.003618821461,0.008420980709,0.01132015384,0.01159701517,2.720633517e-10,3.269398492e-09,2.700652153e-08,1.359679413e-07,0.009622442835,0.0007663770826,0.002416424804,0.004680057962,0.004906549749,0.003923301043,5.028235205e-13,1.504570629e-11,2.646599172e-10,2.330188341e-09,0.006755424547,0.0001402248966,0.0004523493674,0.0007522555058,0.0005112691931,0.0002374168548,9.700731874e-12,2.313140971e-10,3.242487411e-09,2.315081715e-08,0.01279545592,0.0003763401553,0.0008141594291,0.0009342759426,0.0004506788215,0.0001487697584,1.119035252e-10,2.119459344e-09,2.35985332e-08,1.362229615e-07,0.02012520106,0.0006695001881,0.001045678623,0.0008867238299,0.0003197026983,7.860146887e-05,3.043069396e-12,1.04394897e-10,1.871526083e-09,1.510513852e-08,0.01749890202,0.0001874036169,0.0002145831352,0.00011953244,2.192819388e-05,2.482485027e-06
22,0.01861558761,0.01974037107,0.01878353257,0.01629644467,0.09386141441,0.03622483564,0.05028371359,0.06077721307,0.06175572996,0.0552585632,0.02954920678,0.03197741707,0.03105162504,0.02744988537,0.1208318584,0.06297075281,0.1007013631,0.1388139846,0.16227683,0.165160579,0.0003783653469,0.0004350474849,0.0004488542772,0.0004196276645,0.01270016262,0.003083503584,0.007524311635,0.01535612042,0.02460817841,0.03306720457,0.0002383648846,0.0002685644924,0.0002715178005,0.0002491245017,0.009865405056,0.001773830001,0.003757152032,0.006723401862,0.009364836745,0.01106345246,0.007890101934,0.005894985936,0.003952085487,0.002481771882,0.02111824337,0.002435282906,0.003602218813,0.004618616115,0.004682647567,0.004034772665,0.01304541161,0.009964490193,0.00682960803,0.004377137661,0.02779912108,0.004444982345,0.007669915274,0.0113462837,0.0133996183,0.01328257758,0.0001794116879,0.0001452657322,0.0001055404691,7.138077773e-05,0.003007480071,0.0002215566291,0.0005739478604,0.001238220191,0.001976059063,0.002552948992,0.0001085114482,8.593911296e-05,6.107304468e-05,4.047183818e-05,0.002284701587,0.0001213847502,0.0002695578382,0.0005040296789,0.0006905561002,0.0007754947221,1.693023659e-07,3.556069942e-07,5.653180528e-07,6.772455933e-07,0.003111885951,8.71331346e-05,0.0004322575339,0.001417535742,0.002639858552,0.003466667101,2.574559308e-10,1.0866548e-09,3.152704617e-09,6.042220771e-09,0.001335941842,1.184760435e-05,9.868999142e-05,0.0004711143083,0.001052578442,0.001533909023,2.232999826e-09,1.17154417e-08,4.402910678e-08,1.111455961e-07,0.00406877033,0.0001881906012,0.001043760167,0.00357401537,0.006686692815,0.00894915042,2.727615446e-09,1.703816236e-08,7.62383685e-08,2.260826206e-07,0.006210651517,0.0004432132868,0.00205773453,0.005973584138,0.009760130385,0.01173000669,2.722381496e-09,2.119813268e-08,1.182381044e-07,4.297321263e-07,0.009475569458,0.001003774386,0.003722749208,0.008772599338,0.01195314597,0.01240151982,2.699918475e-10,3.252536512e-09,2.693374157e-08,1.359113365e-07,0.009620976721,0.000783439926,0.002511830171,0.004940875238,0.005268557933,0.004280653535,5.003723517e-13,1.505635765e-11,2.663330962e-10,2.357060441e-09,0.006793344487,0.0001471997901,0.0004860682105,0.000826048232,0.0005758738184,0.0002741201167,9.741991673e-12,2.340086931e-10,3.304416833e-09,2.375332239e-08,0.01294836982,0.0004019804964,0.0008892367839,0.001041777532,0.0005153906771,0.000174433567,1.131754125e-10,2.163126063e-09,2.430469478e-08,1.414816698e-07,0.02047862179,0.0007260303821,0.0011582312,0.00100166318,0.000370254184,9.33355979e-05,3.119099916e-12,1.082521261e-10,1.96332765e-09,1.601672331e-08,0.01792591163,0.0002099464898,0.0002467175817,0.0001407858108,2.667576003e-05,3.121117217e-06
23,0.01873186855,0.01985324873,0.01888102049,0.0163730852,0.09400635601,0.03643596125,0.0507308187,0.06149101912,0.06266109891,0.05623469792,0.02971283718,0.03212630351,0.03116885083,0.02753121478,0.1207833089,0.06297955822,0.1009032876,0.1393332049,0.1631589499,0.1663662084,0.0003814889417,0.0004380729754,0.0004513925314,0.000421497936,0.01269449156,0.003085547498,0.007550596178,0.01545023354,0.02482266577,0.03344314934,0.0002405021328,0.0002707180968,0.0002734381091,0.0002506689834,0.009880197053,0.001785101265,0.003796188757,0.006818551303,0.009533130216,0.01130437135,0.007940889847,0.005929243158,0.003972580881,0.002493210703,0.02114560306,0.002447396117,0.003630393629,0.004666986052,0.004744327615,0.004100272778,0.01311931873,0.0100108784,0.006854511137,0.004389025326,0.02777628541,0.004439606438,0.007672504849,0.01136643843,0.01344185764,0.01334866046,0.0001808970329,0.0001462630189,0.0001061160364,7.167716057e-05,0.003004880239,0.0002213999418,0.0005749614939,0.001243257486,0.001988506183,0.002575615808,0.0001094937505,8.662866228e-05,6.150030672e-05,4.071661715e-05,0.002287563071,0.000122049863,0.0002720541187,0.0005104734769,0.000701846802,0.0007911451052,1.725569786e-07,3.616147565e-07,5.73554979e-07,6.85663722e-07,0.003116351059,8.801518125e-05,0.0004402490705,0.001454841532,0.00273146991,0.003616289256,2.641539569e-10,1.111609586e-09,3.215514143e-09,6.145676484e-09,0.001338665576,1.202759612e-05,0.0001013571333,0.000489081147,0.001105640782,0.001629950697,2.279169683e-09,1.19319826e-08,4.474657444e-08,1.127327239e-07,0.004076827184,0.0001910359245,0.001071224933,0.003705603988,0.007009856853,0.009480663859,2.758397479e-09,1.721392303e-08,7.695096965e-08,2.279938467e-07,0.006214521256,0.0004498267088,0.002114294271,0.006208304448,0.01026925015,0.01248611059,2.721147236e-09,2.120008732e-08,1.183135508e-07,4.302229851e-07,0.009465255217,0.001018501453,0.003830597874,0.009144800374,0.0126347853,0.01328070293,2.677498743e-10,3.233567968e-09,2.684341038e-08,1.357671513e-07,0.0096162399,0.0008007428072,0.002611976455,0.005220828116,0.005665199272,0.004679331419,4.974892984e-13,1.505511641e-11,2.67832386e-10,2.382824953e-09,0.006829736524,0.0001545636101,0.0005228473276,0.000908682765,0.000650292355,0.000317536668,9.776976777e-12,2.366186835e-10,3.366449322e-09,2.436750398e-08,0.01310239872,0.0004297296412,0.0009727816981,0.00116430234,0.0005911995554,0.0002053045866,1.144046315e-10,2.207116013e-09,2.503141002e-08,1.469722871e-07,0.02084076817,0.0007883897651,0.001285538988,0.001134584039,0.0004302990457,0.0001113033929,3.196202283e-12,1.12257439e-10,2.060369935e-09,1.699424366e-08,0.01836855297,0.000235697479,0.0002845126843,0.000166449739,3.260726734e-05,3.946817305e-06
24,0.01885260104,0.01997017757,0.01898173796,0.01645203589,0.09415249791,0.03665151353,0.05119069072,0.06222877991,0.06360063822,0.05725162844,0.02988237134,0.03228012223,0.03128950413,0.02761450379,0.1207288525,0.06298246889,0.1011004458,0.1398527287,0.1640499011,0.1675921588,0.0003847348845,0.000441206658,0.0004540105517,0.0004234166546,0.01268795574,0.003087210318,0.007576533566,0.0155449746,0.02504052919,0.03382749975,0.0002427268305,0.0002729535918,0.0002754249249,0.0002522611324,0.009894923224,0.001796546448,0.003836263861,0.006916881869,0.009707982918,0.01155590727,0.007993637035,0.005964739078,0.003993759186,0.002504994748,0.0211730591,0.00245971517,0.003659287093,0.004716841975,0.004808159361,0.004168349145,0.0131959034,0.01005880645,0.006880138376,0.004401189675,0.02775175257,0.004433627013,0.007674278789,0.01138574736,0.01348352534,0.01341493867,0.0001824405941,0.0001472959157,0.0001067095599,7.198102023e-05,0.003002041421,0.0002212064912,0.0005759118822,0.001248236635,0.002000995541,0.002598591451,0.0001105164115,8.734452829e-05,6.194240029e-05,4.096894044e-05,0.002290392301,0.000122722313,0.0002746091164,0.0005171144915,0.0007135452487,0.0008074458423,1.759780809e-07,3.67903207e-07,5.821352031e-07,6.943864763e-07,0.003120663571,8.890560448e-05,0.0004484819381,0.001493738797,0.002827986749,0.003775455877,2.712421548e-10,1.137887501e-09,3.281288725e-09,6.253379333e-09,0.001341321723,1.221074208e-05,0.000104131696,0.0005080494541,0.001162443416,0.001734101901,2.327661474e-09,1.215835049e-08,4.549259694e-08,1.143734692e-07,0.004084606677,0.0001939297283,0.001099768212,0.003844335424,0.00735511244,0.0100552954,2.790065986e-09,1.739350077e-08,7.76731212e-08,2.299132262e-07,0.00621731913,0.0004564909956,0.002172936026,0.006455896769,0.01081457241,0.0133068821,2.719084354e-09,2.119473903e-08,1.183435782e-07,4.30533247e-07,0.009452113232,0.001033162887,0.003942125153,0.009537792446,0.01336741649,0.01424013292,2.653330582e-10,3.212392352e-09,2.673429785e-08,1.355273279e-07,0.009607920674,0.0008181891529,0.002716752868,0.005520634986,0.006099113787,0.005123682282,4.941494062e-13,1.504076302e-11,2.691287267e-10,2.407172155e-09,0.006864225357,0.0001623084917,0.0005628729318,0.001001100575,0.0007359844393,0.0003689169344,9.804784336e-12,2.391162587e-10,3.428141707e-09,2.499012616e-08,0.01325674862,0.0004596820795,0.001065608518,0.001303859956,0.0006800282048,0.00024247708,1.155776915e-10,2.251143118e-09,2.577571936e-08,1.52682558e-07,0.02121044922,0.0008570507931,0.001429403095,0.001288278443,0.0005016700681,0.0001332471333,3.273907127e-12,1.163979607e-10,2.162587001e-09,1.803934724e-08,0.01882592532,0.0002650837727,0.0003289676318,0.0001974691126,4.00327667e-05,5.017590292e-06
25,0.01897773012,0.02009107508,0.01908558537,0.01653319487,0.09429934953,0.03687098524,0.05166256915,0.06298962685,0.06457362922,0.05830901097,0.03005769244,0.03243872222,0.03141342131,0.02769959923,0.120668155,0.06297890638,0.1012915074,0.1403702631,0.1649465138,0.1688348279,0.000388101939,0.000444446216,0.0004567052574,0.0004253805314,0.01268050052,0.003088447882,0.007601971201,0.01563996404,0.02526107265,0.03421925868,0.0002450385661,0.0002752698529,0.0002774765313,0.0002538989522,0.009909515487,0.001808131052,0.003877298037,0.007018263534,0.009889261082,0.01181800671,0.008048321118,0.006001449647,0.004015599902,0.002517108905,0.02120050701,0.00247220633,0.003688842553,0.004768110292,0.004874073887,0.004238959333,0.01327511394,0.01010822764,0.006906454701,0.00441360751,0.02772546309,0.004427012084,0.007675150358,0.01140404152,0.01352437566,0.01348112626,0.0001840417874,0.000148363655,0.0001073203308,7.229181898e-05,0.002998952819,0.0002209736077,0.0005767885276,0.001253128696,0.002013471934,0.00262179606,0.0001115792611,8.808636257e-05,6.239894829e-05,4.122849186e-05,0.00229317433,0.0001233997878,0.000277216988,0.0005239419572,0.0007256387447,0.0008243886054,1.795690218e-07,3.74474912e-07,5.910569534e-07,7.034065315e-07,0.003124790393,8.980076698e-05,0.0004569389835,0.001534198392,0.00292946188,0.003944474598,2.787339794e-10,1.165518959e-09,3.350053543e-09,6.365287624e-09,0.00134389222,1.239638624e-05,0.0001070103177,0.0005280323581,0.001223144841,0.00184689209,2.378514406e-09,1.239458232e-08,4.626677588e-08,1.160657828e-07,0.004092047727,0.0001968614601,0.00112935227,0.003990281151,0.007723319554,0.01067565361,2.822566462e-09,1.757643943e-08,7.840230974e-08,2.318321292e-07,0.006218929294,0.0004631731741,0.002233550607,0.006716459759,0.01139760493,0.01419657422,2.716124871e-09,2.118142278e-08,1.183237038e-07,4.306439726e-07,0.00943593561,0.001047661219,0.00405705165,0.009951691557,0.01415336118,0.01528563671,2.627378688e-10,3.188919611e-09,2.660525637e-08,1.351841765e-07,0.00959571623,0.0008356748222,0.002826006791,0.005840963098,0.006573051074,0.00561843022,4.903302826e-13,1.501213044e-11,2.701932781e-10,2.429786515e-09,0.006896433381,0.0001704219936,0.000606327835,0.001104317178,0.0008346085347,0.0004297378695,9.824525285e-12,2.414729494e-10,3.489024316e-09,2.561763771e-08,0.01341059382,0.0004919242899,0.001168581584,0.001462696909,0.0007841200755,0.0002872743375,1.166807821e-10,2.294901387e-09,2.653428091e-08,1.585972841e-07,0.02158638671,0.0009325008502,0.001591807355,0.001465945099,0.0005865490614,0.0001600810597,3.351703232e-12,1.206584034e-10,2.269858533e-09,1.915325703e-08,0.01929701007,0.0002985794421,0.000381248453,0.0002349893089,4.934471864e-05,6.409920634e-06
26,0.01910720023,0.02021585779,0.01919246206,0.01661645941,0.09444642292,0.03709386151,0.05214567064,0.06377265012,0.06557929875,0.05940644656,0.03023868218,0.03260195104,0.03154043791,0.02778634784,0.1206008924,0.06296830388,0.1014751495,0.1408835063,0.1658455781,0.1700905369,0.0003915888449,0.0004477892944,0.0004594735317,0.0004273862574,0.01267207283,0.003089216797,0.007626756344,0.01573481679,0.02548358127,0.03461738847,0.0002474369228,0.000277665735,0.0002795911822,0.0002555804181,0.009923906256,0.00181982002,0.00391920905,0.007122558153,0.01007681608,0.01209059643,0.008104919475,0.006039350534,0.004038082321,0.002529537935,0.02122784302,0.002484835481,0.003719001943,0.004820714519,0.00494199823,0.004312056673,0.01335689803,0.01015909484,0.006933424913,0.004426255664,0.02769735996,0.004419730819,0.007675034357,0.01142115315,0.01356416268,0.01354693443,0.0001857000175,0.0001494654568,0.0001079476322,7.260901656e-05,0.002995604035,0.0002206987016,0.0005775810304,0.001257904609,0.002025879325,0.002645147567,0.0001126821276,8.885381034e-05,6.286956741e-05,4.149495099e-05,0.002295894348,0.0001240799467,0.000279871708,0.0005309445496,0.0007381135332,0.00084196364,1.833332683e-07,3.813324585e-07,6.003182676e-07,7.127162144e-07,0.003128698794,9.069692488e-05,0.0004656016721,0.001576184635,0.003035934822,0.004123642596,2.866435129e-10,1.194535246e-09,3.421832902e-09,6.481354572e-09,0.001346359151,1.258383822e-05,0.0001099890405,0.0005490398997,0.001287901554,0.001968869888,2.431768377e-09,1.264071008e-08,4.706867414e-08,1.17807495e-07,0.004099089788,0.0001998200184,0.001159933236,0.004143489477,0.008115320076,0.01134442299,2.855842358e-09,1.776226865e-08,7.913595875e-08,2.337417588e-07,0.006219238326,0.0004698387491,0.002296012684,0.006990038926,0.01201981982,0.01515958137,2.712203491e-09,2.115949728e-08,1.182495918e-07,4.305367993e-07,0.009416522683,0.00106189515,0.004175058917,0.01038650595,0.01499488569,0.01642327122,2.599616923e-10,3.163071442e-09,2.645523509e-08,1.347304634e-07,0.009579334978,0.0008530883831,0.002939539603,0.006182411106,0.007089851794,0.006168683932,4.860124664e-13,1.496811939e-11,2.709977377e-10,2.450349634e-09,0.006925982988,0.000178886559,0.0006533876671,0.001219420566,0.0009480417619,0.0005017395386,9.835334033e-12,2.436598579e-10,3.548603336e-09,2.62461763e-08,0.01356307958,0.0005265317745,0.001282610687,0.001643313448,0.0009060855406,0.0003412937668,1.176998853e-10,2.338066086e-09,2.730336171e-08,1.646980997e-07,0.02196721494,0.001015236684,0.001774925141,0.001671236411,0.0006875278975,0.0001929298377,3.429038856e-12,1.250209361e-10,2.382002908e-09,2.033667605e-08,0.01978066467,0.0003367073662,0.0004427111619,0.0002803958647,6.103943874e-05,8.224662916e-06
27,0.01924095505,0.02034444117,0.01930226629,0.01670172595,0.09459323391,0.03731962067,0.05263918912,0.0645768972,0.06661681528,0.06054347512,0.03042522061,0.03276965481,0.03167038879,0.02787459656,0.1205267516,0.0629501087,0.1016500617,0.1413901536,0.166743853,0.1713555364,0.0003951943108,0.0004512334961,0.0004623122226,0.0004294305071,0.01266262142,0.00308947464,0.007650736668,0.01582914336,0.0257073227,0.03502081186,0.0002499214735,0.0002801400677,0.0002817671008,0.000257303478,0.009938028644,0.001831577801,0.003961911754,0.007229619164,0.01027048336,0.01237358124,0.008163409158,0.006078417096,0.004061185517,0.00254226649,0.02125496439,0.002497568198,0.003749705828,0.004874575226,0.005011855182,0.004387589907,0.01344120257,0.01021136049,0.006961013689,0.00443911103,0.02766738899,0.004411753717,0.007673847506,0.01143691635,0.01360264115,0.01361207231,0.000187414674,0.0001506005276,0.00010859074,7.293207095e-05,0.002991985129,0.0002203792777,0.0005782791347,0.001262535307,0.002038161013,0.002668561877,0.0001138248351,8.964650917e-05,6.335386771e-05,4.176799336e-05,0.002298537726,0.0001247604265,0.0002825670747,0.0005381103737,0.000750954739,0.0008601596355,1.872743937e-07,3.884784292e-07,6.099169621e-07,7.223074839e-07,0.003132356537,9.159023833e-05,0.0004744500561,0.00161965476,0.003147429646,0.004313242249,2.949854522e-10,1.224968397e-09,3.496649883e-09,6.601527801e-09,0.001348704817,1.277237438e-05,0.0001130632695,0.0005710785089,0.001356866115,0.002100600097,2.487463746e-09,1.289675961e-08,4.789781256e-08,1.195963122e-07,0.00410567309,0.0002027937722,0.001191460713,0.00430398192,0.00853192646,0.01206434694,2.889835097e-09,1.795050455e-08,7.987143536e-08,2.356331815e-07,0.006218135844,0.0004764518211,0.002360179946,0.007276618799,0.0126826318,0.01620041161,2.7072581e-09,2.112834994e-08,1.181170878e-07,4.301940963e-07,0.009393684479,0.001075760088,0.004295787895,0.01084212073,0.01589416491,0.01765928675,2.570028953e-10,3.134782501e-09,2.62832938e-08,1.341595001e-07,0.009558498892,0.0008703115569,0.003057102766,0.006545490159,0.007652424302,0.006779939492,4.811797783e-13,1.490771369e-11,2.715146803e-10,2.468543568e-09,0.006952499054,0.0001876790073,0.0007042165388,0.001347567666,0.001078399765,0.0005869661123,9.83637866e-12,2.456479224e-10,3.606363918e-09,2.687157961e-08,0.01371332538,0.0005635657968,0.001408644532,0.001848478689,0.001048952528,0.0004064596732,1.186209049e-10,2.380295436e-09,2.807883549e-08,1.709632793e-07,0.02235148177,0.001105757477,0.001981123442,0.001908307582,0.0008076782447,0.0002331748948,3.505324067e-12,1.29465088e-10,2.498770487e-09,2.158968715e-08,0.02027561769,0.000380040343,0.0005149266343,0.0003353608048,7.574378946e-05,1.059476353e-05
28,0.01937893723,0.0204767395,0.01941489527,0.01678889016,0.09473930341,0.03754773511,0.05314229617,0.06540137159,0.06768528541,0.0617195697,0.03061718592,0.0329416782,0.03180310822,0.02796419277,0.1204454329,0.06292378477,0.1018149507,0.1418879052,0.1676380739,0.1726260153,0.000398917008,0.0004547763793,0.0004652181435,0.0004315099437,0.01265209709,0.003089180163,0.00767376083,0.015922551,0.02593154878,0.03542841336,0.0002524917764,0.0002826916525,0.0002840024777,0.0002590660532,0.009951816661,0.001843368432,0.004005318158,0.007339291346,0.0104700814,0.01266684181,0.008223766804,0.006118624338,0.004084888349,0.002555279114,0.02128176966,0.002510369812,0.003780893462,0.004929610022,0.005083563125,0.004465502865,0.01352797362,0.01026497657,0.006989185615,0.00445215061,0.02763549913,0.004403052781,0.007671508829,0.01145116776,0.01363956736,0.01367624795,0.0001891851291,0.0001517680594,0.0001092489229,7.326043916e-05,0.002988086674,0.0002200129492,0.0005788727747,0.001266991824,0.002050259809,0.002691953072,0.0001150072012,9.046408787e-05,6.385145235e-05,4.204729051e-05,0.002301090059,0.0001254388474,0.0002852967178,0.0005454269574,0.0007641463172,0.0008789636014,1.913960659e-07,3.959153779e-07,6.198506024e-07,7.321719146e-07,0.003135731994,9.247678391e-05,0.0004834627561,0.001664558403,0.003263952785,0.004513536485,3.037750953e-10,1.256851081e-09,3.574525985e-09,6.725748869e-09,0.001350911803,1.296123959e-05,0.0001162277367,0.0005941504727,0.001430185003,0.002242660058,2.545641098e-09,1.316274945e-08,4.87536669e-08,1.214298137e-07,0.004111738877,0.0002057705894,0.001223877433,0.004471749547,0.00897390939,0.0128382076,2.924484116e-09,1.814065067e-08,8.060605821e-08,2.374973622e-07,0.006215515124,0.0004829752348,0.002425892432,0.007576115048,0.01338737443,0.0173236531,2.701230247e-09,2.108740186e-08,1.179222548e-07,4.295991201e-07,0.00936724216,0.001089148791,0.004418837816,0.01131828245,0.01685324235,0.01900008115,2.538608811e-10,3.10400151e-09,2.608861616e-08,1.334652301e-07,0.009532945839,0.0008872198406,0.00317839432,0.00693060371,0.008263715959,0.007458076533,4.758196451e-13,1.48299956e-11,2.717179149e-10,2.484054489e-09,0.006975611584,0.000196770074,0.0007589621534,0.00148997846,0.001228056002,0.0006878113336,9.826871502e-12,2.474082118e-10,3.661774035e-09,2.748940379e-08,0.01386042882,0.0006030698589,0.001547661911,0.002081243221,0.001216221309,0.0004850846239,1.194298101e-10,2.421232819e-09,2.885618805e-08,1.773675865e-07,0.02273765085,0.001204556453,0.002212963383,0.002181866829,0.0009506305967,0.0002825099528,3.579934147e-12,1.339676953e-10,2.619837383e-09,2.291164988e-08,0.02078046518,0.0004292011211,0.0005997068778,0.0004018963277,9.424824542e-05,1.36953504e-05
29,0.01952108831,0.02061266576,0.0195302451,0.01687784706,0.0948841586,0.03777767226,0.05365414151,0.06624503194,0.06878375067,0.06293413093,0.03081445428,0.03311786443,0.03193843007,0.0280549845,0.1203566503,0.06288881512,0.1019685451,0.1423744732,0.1685249627,0.1738981086,0.000402755565,0.0004584154539,0.0004681880749,0.0004336212235,0.01264045296,0.003088293493,0.007695679067,0.01601464493,0.02615549739,0.03583904109,0.0002551473694,0.0002853192588,0.0002862954703,0.0002608660393,0.009965205416,0.00185515563,0.0040493375,0.007451410642,0.01067541082,0.01297023253,0.008285968556,0.006159946879,0.00410916945,0.00256856026,0.02130815891,0.002523205492,0.003812502864,0.004985733549,0.005157035896,0.004545734156,0.01361715632,0.0103198946,0.007017905217,0.004465351546,0.02760164275,0.004393601682,0.00766794003,0.0114637472,0.01367470008,0.0137391692,0.0001910107343,0.0001529672287,0.000109921443,7.359357807e-05,0.002983899808,0.0002195974516,0.0005793521214,0.001271245408,0.002062118248,0.002715233653,0.000116229035,9.130616535e-05,6.436191732e-05,4.233251023e-05,0.002303537215,0.0001261128195,0.0002880541076,0.0005528812497,0.0007776710102,0.0008983607505,1.95702035e-07,4.036458034e-07,6.301164747e-07,7.423006826e-07,0.003138794272,9.335256874e-05,0.0004926169586,0.001710837135,0.003385490825,0.004724763831,3.130283251e-10,1.29021647e-09,3.65548077e-09,6.853952823e-09,0.001352963044,1.314964945e-05,0.0001194764692,0.000618253396,0.00150799629,0.00239563531,2.606341001e-09,1.343868968e-08,4.963566505e-08,1.233054497e-07,0.004117229659,0.0002087378743,0.001257118967,0.004646749299,0.009441984457,0.01366880229,2.959726929e-09,1.833219911e-08,8.133710625e-08,2.393252023e-07,0.006211273705,0.000489370759,0.002492972031,0.007888366669,0.01413527429,0.01853393436,2.694065611e-09,2.103611268e-08,1.176614074e-07,4.2873617e-07,0.009337029422,0.001101952116,0.004543765666,0.011814584,0.01787398657,0.02045214437,2.505361334e-10,3.070692249e-09,2.587052209e-08,1.326423135e-07,0.009502431856,0.0009036833134,0.003303055888,0.007338026242,0.008926678778,0.008209346459,4.699233905e-13,1.47341608e-11,2.715828523e-10,2.496576642e-09,0.006994958496,0.0002061240224,0.0008177503977,0.001647927381,0.001399659698,0.0008070683579,9.806079913e-12,2.489122479e-10,3.714289095e-09,2.809494961e-08,0.01400347018,0.0006450659675,0.001700660346,0.002344948135,0.001411922934,0.0005799402591,1.201127931e-10,2.460509526e-09,2.963053089e-08,1.838821739e-07,0.02312410523,0.001312110938,0.00247319625,0.00249722551,0.001120663028,0.0003430071933,3.652214142e-12,1.385028984e-10,2.744799909e-09,2.430109653e-08,0.02129366855,0.0004848610492,0.0006991321812,0.000482416473,0.0001175476384,1.775686908e-05
30,0.01966734845,0.02075213156,0.01964821083,0.01696849101,0.09502733409,0.03800889566,0.05417385379,0.06710679141,0.0699111847,0.06418648179,0.03101689972,0.0332980552,0.03207618794,0.02814682073,0.1202601339,0.0628447042,0.1021096006,0.1428475896,0.169401237,0.1751679075,0.0004067085604,0.0004621481795,0.0004712187655,0.0004357610007,0.01262764466,0.00308677633,0.007716343801,0.01610502975,0.02637839464,0.03625150916,0.0002578877659,0.0002880216207,0.0002886442014,0.000262701308,0.009978131308,0.001866902883,0.004093876369,0.007565804051,0.01088625357,0.01328357954,0.00834998998,0.006202358921,0.004134007235,0.002582094296,0.02133403407,0.002536040324,0.003844470902,0.005042857513,0.005232182677,0.004628216894,0.01370869481,0.01037606568,0.007047136993,0.004478691165,0.02756577596,0.004383375908,0.007663065853,0.01147449835,0.01370780149,0.01380054476,0.0001928908177,0.0001541971958,0.0001106075557,7.393094526e-05,0.002979416279,0.000219130656,0.0005797076293,0.001275267647,0.002073678791,0.002738314809,0.0001174901343,9.217234951e-05,6.488485123e-05,4.262331673e-05,0.002305865378,0.0001267799503,0.0002908325669,0.0005604596244,0.0007915103127,0.0009183343908,2.001961197e-07,4.116721244e-07,6.407115585e-07,7.526845546e-07,0.003141513326,9.421354652e-05,0.0005018884284,0.001758424039,0.003512008312,0.004947133209,3.227615908e-10,1.325098104e-09,3.739531502e-09,6.986067788e-09,0.001354841896,1.333679306e-05,0.0001228027639,0.0006433796655,0.001590427124,0.002560114504,2.669603755e-09,1.372458077e-08,5.054318443e-08,1.252205407e-07,0.004122089446,0.0002116826134,0.001291113498,0.004828900362,0.009936797912,0.01455891655,2.995499212e-09,1.852463181e-08,8.20618286e-08,2.411075803e-07,0.006205313991,0.0004955992973,0.00256122219,0.008213128349,0.01492742337,0.01983587795,2.68571445e-09,2.097398528e-08,1.173311459e-07,4.275907411e-07,0.00930289384,0.001114059861,0.004670086239,0.01233044996,0.01895804427,0.02202199239,2.470302503e-10,3.034834393e-09,2.562847912e-08,1.316862062e-07,0.009466733373,0.0009195676295,0.003430670339,0.007767881224,0.009644229095,0.009040351257,4.63486484e-13,1.461953251e-11,2.710868769e-10,2.505816527e-09,0.007010188516,0.0002156983461,0.0008806794659,0.001822731614,0.001596151507,0.0009479836537,9.773337036e-12,2.501323507e-10,3.763357282e-09,2.868329679e-08,0.01414151756,0.000689550756,0.001868641946,0.002643229264,0.00164068052,0.0006943383189,1.206564377e-10,2.497748035e-09,3.039662391e-08,1.904745427e-07,0.02350915236,0.001428870847,0.002764754035,0.002860346523,0.001322799852,0.0004171955935,3.721484558e-12,1.43042197e-10,2.873169999e-09,2.575563045e-08,0.02181355412,0.0005477370202,0.0008155784183,0.0005798072607,0.0001468910718,2.308211402e-05
31,0.01981765632,0.02089504706,0.0197686864,0.0170607159,0.09516837314,0.03824086605,0.05470054149,0.06798551744,0.07106649082,0.06547586273,0.03122439391,0.03348209078,0.03221621534,0.02823955161,0.1201556303,0.06279098017,0.1022369042,0.1433050136,0.1702636204,0.1764314703,0.0004107745182,0.0004659719623,0.0004743069345,0.0004379259329,0.01261363053,0.003084592139,0.007735610258,0.01619331081,0.02659945724,0.03666460043,0.0002607124497,0.0002907974339,0.0002910467585,0.0002645697081,0.009990532224,0.001878573554,0.004138838841,0.007682289594,0.01110237219,0.01360667879,0.008415805984,0.006245834221,0.004159379897,0.002595865526,0.02135929914,0.002548839393,0.00387673339,0.00510089073,0.005308907923,0.004712878443,0.01380253217,0.01043344043,0.007076845451,0.004492147017,0.02752785887,0.004372352916,0.007656814449,0.01148326942,0.01373863815,0.01386008519,0.000194824681,0.0001554571037,0.0001113065106,7.427199993e-05,0.002974628499,0.0002186105816,0.0005799300826,0.001279030589,0.002084884062,0.002761106721,0.000118790284,9.306223622e-05,6.541983512e-05,4.291937095e-05,0.00230806109,0.0001274378517,0.0002936252837,0.0005681478885,0.0008056444456,0.0009388658273,2.048821939e-07,4.199966531e-07,6.516324998e-07,7.633138788e-07,0.003143860079,9.505563511e-05,0.0005112515391,0.001807243353,0.003643445599,0.005180818502,3.329918861e-10,1.361529752e-09,3.826692799e-09,7.122014595e-09,0.001356532196,1.352183637e-05,0.0001261991689,0.0006695159228,0.001677591054,0.002736683537,2.735469132e-09,1.402041249e-08,5.147554982e-08,1.27172278e-07,0.004126263998,0.0002145914298,0.001325781668,0.005018080636,0.01045891161,0.01551129355,3.031734909e-09,1.871742203e-08,8.277745527e-08,2.428353968e-07,0.006197543832,0.0005016211286,0.002630427866,0.008550063172,0.01576474976,0.02123404746,2.676132029e-09,2.09005703e-08,1.169283893e-07,4.261496712e-07,0.009264698134,0.001125361711,0.004797272885,0.01286512294,0.02010679028,0.02371609037,2.433459651e-10,2.996424201e-09,2.536211227e-08,1.305932339e-07,0.009425649329,0.0009347351947,0.003560760247,0.00822011867,0.01041920113,0.009958011426,4.565087419e-13,1.448557468e-11,2.70209714e-10,2.511497238e-09,0.007020964145,0.0002254435886,0.0009478135986,0.002015735944,0.001820775795,0.001114314376,9.728052334e-12,2.510420007e-10,3.808425584e-09,2.924934647e-08,0.01427363258,0.0007364915542,0.002052596303,0.002980015285,0.001907772197,0.0008322224938,1.210478976e-10,2.5325658e-09,3.114890772e-08,1.971085726e-07,0.02389103059,0.001555245611,0.00309073344,0.00327788897,0.001562920015,0.0005081530101,3.787048207e-12,1.475545679e-10,3.004371851e-09,2.727182974e-08,0.02233831446,0.0006185863688,0.0009517435418,0.0006975055789,0.000183842672,3.006820759e-05
32,0.01997194891,0.02104132082,0.01989156473,0.01715441515,0.0953068288,0.03847304261,0.0552332941,0.06888003182,0.07224850002,0.06680142712,0.03143680609,0.03366980997,0.03235834581,0.02833302869,0.1200429042,0.06272719709,0.1023492793,0.14374454,0.1711088537,0.1776848334,0.0004149519012,0.0004698841535,0.0004774492735,0.0004401126864,0.01259837185,0.003081706338,0.007753337099,0.01627909576,0.02681789509,0.0370770699,0.00026362087,0.0002936453526,0.0002935011939,0.0002664690675,0.01000234772,0.001890130992,0.004184126659,0.007800676357,0.01132350929,0.01393929428,0.008483390744,0.006290346063,0.004185265411,0.002609858196,0.02138386049,0.002561567879,0.003909225209,0.005159739209,0.005387111318,0.004799640208,0.01389861034,0.01049196904,0.007106995143,0.004505696912,0.0274878558,0.004360512266,0.007649117712,0.01148991382,0.01376698192,0.01391750405,0.0001968115972,0.0001567460779,0.000112017552,7.461620374e-05,0.002969529576,0.0002180354077,0.0005800106418,0.001282506868,0.002095677086,0.002783518884,0.0001201292533,9.397540833e-05,6.59664424e-05,4.322033077e-05,0.002310111295,0.0001280841476,0.0002964253274,0.0005759312974,0.0008200523407,0.000959934275,2.097641718e-07,4.286215689e-07,6.628755868e-07,7.741785804e-07,0.003145806536,9.587473581e-05,0.0005206793213,0.001857210184,0.003779716773,0.005425952942,3.437367254e-10,1.399545263e-09,3.916976269e-09,7.261706445e-09,0.001358018338,1.370392608e-05,0.000129657473,0.0006966425556,0.001769585193,0.002925918894,2.803976112e-09,1.432616278e-08,5.243203134e-08,1.291577248e-07,0.004129701056,0.0002174506473,0.001361036507,0.005214123373,0.01100878727,0.0165285999,3.068366362e-09,1.891003601e-08,8.348120883e-08,2.444996204e-07,0.006187877091,0.0005073961761,0.002700355712,0.008898735815,0.01664798703,0.02273288767,2.665279012e-09,2.08154703e-08,1.164504058e-07,4.244012817e-07,0.009222321366,0.001135748253,0.004924758974,0.01341765116,0.02132127526,0.02554076457,2.394871551e-10,2.955475018e-09,2.507121255e-08,1.293606575e-07,0.009379003162,0.0009490465184,0.003692787263,0.008694492725,0.01125429446,0.01096952159,4.489944741e-13,1.433190373e-11,2.68933786e-10,2.513362868e-09,0.007026964667,0.0002353032989,0.001019176553,0.002228293862,0.002077088219,0.001310388289,9.669721676e-12,2.516162127e-10,3.848946423e-09,2.978787165e-08,0.01439887667,0.0007858225096,0.002253480326,0.00335951823,0.002219194128,0.0009982714451,1.212750792e-10,2.564579523e-09,3.188154588e-08,2.037446295e-07,0.02426791706,0.001691589634,0.003454372292,0.003757246651,0.001847874587,0.00061961358,3.848198153e-12,1.520066529e-10,3.13774009e-09,2.884516011e-08,0.02286601185,0.0006981993779,0.001110672027,0.0008395867853,0.0002303549969,3.923481694e-05
33,0.02013016137,0.02119085981,0.02001673769,0.01724948189,0.09544226502,0.03870488426,0.05577118349,0.06978911123,0.07345596949,0.06816223714,0.03165400291,0.03386105018,0.03250241314,0.02842710522,0.1199217392,0.06265293701,0.1024455907,0.1441640071,0.1719337058,0.1789240243,0.0004192391063,0.0004738820476,0.0004806424489,0.0004423179412,0.01258183301,0.003078086475,0.007769387048,0.01636199612,0.0270329142,0.03748764843,0.0002666124371,0.0002965639868,0.0002960055237,0.0002683971954,0.01001351922,0.001901538642,0.004229639437,0.007920764619,0.01154938708,0.01428115644,0.008552717625,0.006335867234,0.004211641537,0.002624056513,0.02140762705,0.002574191141,0.003941880429,0.005219306255,0.005466687781,0.004888417449,0.01399687008,0.01055160124,0.007137550703,0.004519318963,0.02744573554,0.004347835744,0.007639911617,0.01149429079,0.01379261099,0.01397251901,0.0001988508075,0.0001580632256,0.0001127399193,7.496302181e-05,0.00296411336,0.0002174034845,0.0005799408884,0.001285669833,0.002106001537,0.002805460474,0.0001215067938,9.491143475e-05,6.652423872e-05,4.35258514e-05,0.002312003381,0.0001287164826,0.0002992256655,0.0005837945745,0.0008347116347,0.0009815167848,2.148459929e-07,4.375488918e-07,6.744367261e-07,7.852681586e-07,0.003147325891,9.666675402e-05,0.0005301435291,0.001908230294,0.003920707683,0.005682623394,3.55014115e-10,1.439178408e-09,4.01039017e-09,7.405048622e-09,0.001359285326,1.388219401e-05,0.0001331687031,0.0007247332178,0.001866487276,0.003128380194,2.875162607e-09,1.46417967e-08,5.341184295e-08,1.311738191e-07,0.00413235058,0.000220246362,0.001396783446,0.005416814041,0.0115867702,0.01761338801,3.105324463e-09,1.910193479e-08,8.417031683e-08,2.460913378e-07,0.006176234175,0.0005128843028,0.002770754557,0.009258606411,0.01757764259,0.02433665792,2.65312182e-09,2.071834371e-08,1.158948416e-07,4.223355079e-07,0.009175660023,0.001145112075,0.005051940143,0.01398687766,0.02260217152,0.02750210307,2.354588363e-10,2.912017594e-09,2.47557435e-08,1.279867297e-07,0.009326644656,0.000962361728,0.003826152545,0.009190539821,0.01215201549,0.01208229242,4.409525708e-13,1.415829856e-11,2.672445461e-10,2.511182882e-09,0.007027889154,0.0002452141472,0.001094744949,0.002461744686,0.002368957186,0.001541164923,9.597936716e-12,2.518319135e-10,3.884384802e-09,3.029357539e-08,0.01451631784,0.0008374408897,0.002472194977,0.003786214863,0.002581721497,0.00119801298,1.213268272e-10,2.593409846e-09,3.258847721e-08,2.103397573e-07,0.02463793711,0.001838186436,0.003859017339,0.004306577491,0.002185612142,0.0007560918967,3.904226681e-12,1.56363019e-10,3.272519699e-09,3.046990103e-08,0.0233945837,0.0007873890702,0.001295775735,0.001010860562,0.0002888570362,5.1260171e-05
34,0.02029222684,0.0213435693,0.02014409618,0.017345809,0.09557425782,0.03893585097,0.05631326553,0.07071148803,0.07468758155,0.06955726014,0.03187584832,0.0340556474,0.03264825151,0.02852163636,0.1197919392,0.06256781188,0.1025247486,0.1445613051,0.1727349854,0.1801450741,0.0004236344584,0.0004779628804,0.0004838831048,0.0004445383972,0.01256398165,0.0030737024,0.007783627523,0.01644162886,0.0272437197,0.03789504707,0.0002696865175,0.0002995518993,0.0002985577283,0.0002703518843,0.01002399017,0.001912760171,0.00427527489,0.008042346057,0.01177970712,0.01463196071,0.00862375911,0.006382369997,0.00423848583,0.002638444661,0.02143051062,0.002586674822,0.003974632451,0.0052794926,0.005547527494,0.004979119141,0.01409725087,0.01061228635,0.007168476883,0.00453299162,0.0274014715,0.004334307476,0.007629136528,0.01149626606,0.01381531082,0.01402485301,0.0002009415192,0.0001594076351,0.0001134728477,7.531192358e-05,0.002958374476,0.0002167133439,0.0005797128688,0.001288493677,0.002115802002,0.002826840724,0.0001229226374,9.586986951e-05,6.709278202e-05,4.38355857e-05,0.002313725218,0.0001293325297,0.000302019183,0.0005917219378,0.0008495986756,0.001003588184,2.201316052e-07,4.467804557e-07,6.86311421e-07,7.965716878e-07,0.003148392639,9.742762134e-05,0.0005396147266,0.001960199988,0.004066274121,0.005950864582,3.668425221e-10,1.480462719e-09,4.106939061e-09,7.551938248e-09,0.001360318845,1.4055762e-05,0.0001367231314,0.0007537543875,0.001968352622,0.003344601948,2.949065183e-09,1.496726542e-08,5.441414115e-08,1.332173778e-07,0.004134164973,0.0002229645222,0.001432920431,0.00562588748,0.0121930727,0.01876805492,3.142538827e-09,1.929257617e-08,8.48420249e-08,2.476018036e-07,0.006162542546,0.0005180456298,0.002841356164,0.009629025248,0.01855396557,0.02604935907,2.639632956e-09,2.060890828e-08,1.152597468e-07,4.199440185e-07,0.009124629003,0.001153348912,0.005178177343,0.01457143159,0.0239497181,0.02960584577,2.312671453e-10,2.866100197e-09,2.441584597e-08,1.264707408e-07,0.009268451589,0.0009745422264,0.003960198347,0.009707557977,0.01311461351,0.01330387762,4.323965246e-13,1.396470854e-11,2.651307832e-10,2.504756352e-09,0.007023459421,0.000255106217,0.001174441679,0.002717386593,0.002700557572,0.001812296167,9.512393336e-12,2.516683147e-10,3.914225835e-09,3.076115588e-08,0.01462503785,0.0008912037058,0.002709559023,0.004264817346,0.003002964856,0.00143794886,1.211931088e-10,2.618686397e-09,3.326347793e-08,2.16847961e-07,0.02499917522,0.00199523172,0.004308082498,0.004934820579,0.002585310064,0.000923025197,3.954435149e-12,1.605864917e-10,3.407867993e-09,3.213908928e-08,0.02392185034,0.0008869779951,0.001510849365,0.001216974011,0.0003623587792,6.702674231e-05
35,0.0204580763,0.02149935281,0.02027353014,0.0174432893,0.0957023963,0.03916540518,0.05685858185,0.07164585159,0.07594194318,0.07098536556,0.03210220345,0.03425343632,0.0327956957,0.02861647945,0.119653329,0.06247146547,0.1025857136,0.1449343841,0.1735095529,0.181344032,0.0004281362062,0.0004821238283,0.0004871678659,0.0004467707799,0.01254478884,0.003068526429,0.007795931265,0.01651761817,0.02744951914,0.03829796175,0.0002728424293,0.0003026076037,0.0003011557523,0.0002723309127,0.01003370624,0.001923759591,0.004320929106,0.008165204048,0.01201415016,0.01499136632,0.008696486728,0.006429826076,0.004265775644,0.002653006815,0.02145242606,0.002598984944,0.004007414161,0.005340196568,0.005629515985,0.005071647876,0.01419969093,0.01067397328,0.007199738598,0.004546693711,0.02735504195,0.004319914034,0.007616737501,0.01149571247,0.01383487512,0.01407423544,0.0002030829028,0.0001607783755,0.000114215569,7.566238383e-05,0.002952308352,0.0002159637085,0.0005793191371,0.001290953565,0.002125024248,0.002847569336,0.0001243764937,9.6850251e-05,6.767162251e-05,4.414918459e-05,0.002315265198,0.0001299299992,0.0003047987033,0.0005996971321,0.0008646885399,0.00102612103,2.25624949e-07,4.563178814e-07,6.984947512e-07,8.080778218e-07,0.003148982671,9.815331862e-05,0.0005490623929,0.002013006087,0.004216240192,0.006230653358,3.792408389e-10,1.523431321e-09,4.206623469e-09,7.702264095e-09,0.001361105319,1.42237473e-05,0.0001403102925,0.0007836649748,0.002075211052,0.003575084577,3.025718772e-09,1.530250523e-08,5.543802422e-08,1.352851021e-07,0.0041350993,0.0002255910163,0.001469338139,0.005841025449,0.01282775737,0.01999479816,3.179937982e-09,1.948141685e-08,8.549361052e-08,2.490224929e-07,0.006146737194,0.0005228408748,0.002911876299,0.0100092285,0.01957691458,0.02787465431,2.624791274e-09,2.048694413e-08,1.145435985e-07,4.172203201e-07,0.009069162463,0.001160358828,0.00530280071,0.015169722,0.02536366583,0.03185726404,2.269193075e-10,2.817788513e-09,2.405184064e-08,1.248130519e-07,0.009204331195,0.0009854524655,0.00409421086,0.01024458787,0.01414401184,0.01464188507,4.233443863e-13,1.375125918e-11,2.625848873e-10,2.49391594e-09,0.00701342289,0.0002649034898,0.001258129575,0.002996445547,0.003076355017,0.002130184011,9.41289891e-12,2.511072726e-10,3.937982526e-09,3.118537763e-08,0.01472413973,0.0009469248159,0.002966280027,0.004800231669,0.00349141864,0.001725689085,1.208651903e-10,2.640053107e-09,3.390023304e-08,2.232205834e-07,0.02534968714,0.002162815716,0.004804996789,0.005651697101,0.003057508992,0.001126934415,3.998144558e-12,1.64638564e-10,3.542858825e-09,3.384448444e-08,0.024445525,0.0009977817906,0.001760078363,0.001464520266,0.0004545742601,8.76787843e-05
36,0.02062763846,0.02165811206,0.0204049286,0.01754181558,0.09582628371,0.03939301328,0.05740616187,0.07259084987,0.07721758611,0.07244532237,0.03233292657,0.03445425034,0.03294458124,0.02871149421,0.1195057549,0.06236357496,0.1026275008,0.1452812622,0.1742543328,0.1825169796,0.0004327425167,0.0004863620073,0.0004904933408,0.000449011846,0.01252422922,0.003062533486,0.00780617695,0.01658959709,0.02764952588,0.03869507846,0.0002760794375,0.0003057295617,0.0003037975055,0.0002743320476,0.01004261546,0.001934501387,0.004366496834,0.008289114049,0.01225237623,0.01535899531,0.008770870985,0.006478206634,0.004293488142,0.002667727163,0.02147329152,0.002611088008,0.004040158096,0.005401314261,0.005712534243,0.005165899805,0.0143041271,0.01073661054,0.007231300959,0.004560404478,0.02730643013,0.00430464452,0.007602664558,0.01149251052,0.0138511068,0.01412040332,0.0002052740903,0.0001621744968,0.0001149673125,7.60138836e-05,0.002945911252,0.0002151535002,0.0005787527948,0.001293025763,0.002133615491,0.002867556902,0.0001258680484,9.785210117e-05,6.826030279e-05,4.446629745e-05,0.00231661227,0.0001305066473,0.0003075570113,0.0006077034673,0.0008799550627,0.00104908559,2.313299385e-07,4.661625496e-07,7.109813547e-07,8.19774801e-07,0.003149073377,9.883990004e-05,0.0005584550461,0.002066526016,0.004370396903,0.006521903103,3.922283428e-10,1.568116751e-09,4.309439556e-09,7.855906448e-09,0.001361631966,1.438526832e-05,0.000143919011,0.0008144159897,0.002187063811,0.003820284746,3.105156381e-09,1.564743661e-08,5.648253174e-08,1.373735838e-07,0.004135111497,0.0002281117659,0.001505920298,0.006061854604,0.01349072063,0.02129556873,3.217449591e-09,1.966791467e-08,8.612239717e-08,2.503451541e-07,0.006128761064,0.0005272317056,0.002982016108,0.01039833513,0.02064612618,0.02981578475,2.60858221e-09,2.035229629e-08,1.137453196e-07,4.141598467e-07,0.00900921454,0.001166047424,0.005425114255,0.01577993442,0.02684322384,0.03426103138,2.224235917e-10,2.767165343e-09,2.366422839e-08,1.230151154e-07,0.009134221372,0.0009949618078,0.004227424385,0.0108003964,0.01524173499,0.01610387137,4.138186503e-13,1.351825524e-11,2.596030686e-10,2.478531522e-09,0.006997555316,0.0002745245313,0.001345605601,0.003300040311,0.003501079078,0.002502032566,9.299378182e-12,2.501336265e-10,3.955203624e-09,3.156114742e-08,0.01481275549,0.00100437267,0.003242922979,0.005397502432,0.004056498087,0.002070093682,1.203358044e-10,2.657173689e-09,3.449241629e-08,2.294067752e-07,0.02568751353,0.002340905213,0.005353141408,0.006467691143,0.00361424657,0.001375604398,4.034706646e-12,1.684798741e-10,3.67648921e-09,3.557656032e-08,0.02496322618,0.001120589393,0.002048036905,0.00176115009,0.0005700647901,0.0001146942482
37,0.02080083957,0.02181974691,0.02053817977,0.01764128081,0.09594553845,0.03961814714,0.05795502498,0.07354509158,0.07851296742,0.07393579715,0.03256787295,0.03465792167,0.03309474463,0.02880654306,0.1193490861,0.06224385258,0.1026491841,0.1456000338,0.1749663258,0.1836600458,0.0004374514707,0.0004906744724,0.0004938561256,0.0004512583894,0.01250228109,0.003055701248,0.007814249787,0.01665720928,0.02784296267,0.03908507884,0.0002793967502,0.000308916181,0.0003064808629,0.0002763530476,0.01005066842,0.001944950652,0.004411871809,0.008413844077,0.01249402484,0.01573443178,0.0088468813,0.006527482261,0.004321600309,0.002682589919,0.02149302869,0.0026229511,0.004072796621,0.005462739775,0.005796458877,0.005261764634,0.01441049488,0.01080014627,0.007263129318,0.004574103613,0.02725562441,0.004288490645,0.007586872941,0.01148654902,0.01386381887,0.01416310252,0.0002075141725,0.000163595029,0.0001157273054,7.636591116e-05,0.002939180294,0.0002142818471,0.0005780075296,0.001294687761,0.002141524674,0.002886715355,0.0001273969609,9.88749248e-05,6.885835799e-05,4.478657258e-05,0.002317755977,0.0001310602851,0.0003102868773,0.0006157238624,0.0008953708805,0.001072449821,2.372504433e-07,4.763155742e-07,7.237654116e-07,8.316504635e-07,0.003148643734,9.948351783e-05,0.0005677603871,0.002120627994,0.004528501031,0.006824458338,4.05824652e-10,1.614550777e-09,4.415378812e-09,8.012737023e-09,0.001361886858,1.453945079e-05,0.0001475374403,0.0008459502813,0.002303880544,0.004080605092,3.187408797e-09,1.600196335e-08,5.754664463e-08,1.394793132e-07,0.004134162569,0.0002305128264,0.001542544118,0.006287945009,0.01418167668,0.02267202187,3.255000674e-09,1.985153097e-08,8.672576883e-08,2.515618617e-07,0.006108565447,0.0005311811043,0.003051463805,0.01079534521,0.02176088443,0.03187548057,2.590997953e-09,2.020487673e-08,1.128642943e-07,4.107600306e-07,0.008944759919,0.00117032703,0.00554440135,0.01640003074,0.02838700854,0.03682108639,2.177892529e-10,2.714330069e-09,2.325368841e-08,1.210794809e-07,0.009058091651,0.001002946437,0.004359026862,0.0113734634,0.01640883314,0.01769721951,4.038460728e-13,1.326618117e-11,2.561855215e-10,2.458513351e-09,0.006975663323,0.0002838833831,0.001436595799,0.003629143883,0.003979683513,0.002935890936,9.171877545e-12,2.487355053e-10,3.965481372e-09,3.188359356e-08,0.01489005409,0.001063268867,0.003539877128,0.006061742784,0.004708560282,0.002481419064,1.195993019e-10,2.669737153e-09,3.503377717e-08,2.353540583e-07,0.02601069457,0.002529325828,0.005955775755,0.007394006084,0.004269185601,0.001678282787,4.063515232e-12,1.72070749e-10,3.807688451e-09,3.732452639e-08,0.02547249221,0.001256139896,0.002379673349,0.002115682876,0.00071440368,0.0001499739245
38,0.02097760331,0.02198415538,0.02067317108,0.01774157822,0.09605979501,0.03984028564,0.05850418297,0.07450714857,0.07982647084,0.07545535287,0.03280689483,0.03486428141,0.03324602353,0.02890149128,0.1191832146,0.06211204694,0.1026499,0.1458888772,0.1756426212,0.1847694226,0.0004422610589,0.0004950582175,0.0004972528075,0.0004535072474,0.01247892655,0.003048010267,0.007820042098,0.01672011073,0.02802906538,0.03946664602,0.0002827935134,0.0003121658137,0.0003092036662,0.0002783916658,0.01005781838,0.001955073221,0.004456947096,0.008539155267,0.01273871544,0.01611722145,0.008924485937,0.006577622957,0.00435008896,0.002697579347,0.02151156295,0.002634541997,0.004105262117,0.005524365444,0.005881162323,0.005359125659,0.01451872831,0.01086452825,0.007295189307,0.004587771294,0.02720261836,0.004271446791,0.007569323343,0.01147772556,0.01387283539,0.01420208891,0.0002098021969,0.0001650389829,0.000116494774,7.671796301e-05,0.002932113472,0.0002133480898,0.0005770776503,0.001295918398,0.002148702741,0.002904958418,0.000128962862,9.991820887e-05,6.946531598e-05,4.510965767e-05,0.002318686485,0.0001315887871,0.0003129810829,0.0006237408952,0.0009109074856,0.001096179393,2.43390269e-07,4.86777775e-07,7.368406294e-07,8.436922593e-07,0.003147674387,0.0001000804473,0.0005769454602,0.002175171357,0.004690274292,0.007138089684,4.200496762e-10,1.662764203e-09,4.524427743e-09,8.172618943e-09,0.001361858967,1.468543415e-05,0.0001511531119,0.0008782023604,0.002425596387,0.004356383485,3.272504282e-09,1.636597177e-08,5.86292856e-08,1.415986881e-07,0.004132216773,0.0002327804902,0.001579080841,0.006518809237,0.0149001423,0.02412546611,3.292517864e-09,2.003173302e-08,8.73011847e-08,2.526650686e-07,0.006086110315,0.0005346537363,0.003119896672,0.01119913977,0.02292009253,0.03405586886,2.572037562e-09,2.00446657e-08,1.119003794e-07,4.070203543e-07,0.008875794251,0.001173117876,0.005659930961,0.01702775254,0.02999299664,0.03954049011,2.130264614e-10,2.659397927e-09,2.282107387e-08,1.190097875e-07,0.008975943882,0.001009291278,0.00448816678,0.01196197223,0.01764580531,0.01942900011,3.934574211e-13,1.29956987e-11,2.523365285e-10,2.433814629e-09,0.006947586706,0.0002928906554,0.001530751286,0.003984541948,0.004517292154,0.003440682931,9.03056757e-12,2.469045943e-10,3.968458961e-09,3.214814677e-08,0.01495524929,0.001123287675,0.003857321764,0.006798048665,0.005458904527,0.002971464908,1.186517838e-10,2.677463246e-09,3.55182338e-08,2.410089746e-07,0.02631728576,0.002727745099,0.006615952584,0.008442492316,0.005037730464,0.002045896046,4.084017555e-12,1.753718031e-10,3.935329805e-09,3.907638237e-08,0.02597079812,0.001405096216,0.002760280452,0.00253821245,0.0008943631265,0.0001959509301
39,0.02115785065,0.02215123354,0.02080978927,0.01784260144,0.09616870493,0.04005891624,0.05905264257,0.07547555872,0.08115640857,0.07700244827,0.03304984137,0.03507315962,0.03339825695,0.02899620728,0.1190080559,0.06196794423,0.1026288516,0.1461460627,0.1762804094,0.1858413807,0.000447169177,0.0004995101755,0.0005006799688,0.0004557553064,0.01245415156,0.003039444075,0.007823453873,0.0167779715,0.02820708674,0.03983847095,0.0002862688071,0.0003154767542,0.0003119637248,0.000280445653,0.01006402144,0.001964835805,0.004501615464,0.008664802527,0.01298604798,0.01650687154,0.009003651952,0.006628598123,0.004378930761,0.002712679776,0.02152882363,0.002645829265,0.004137487181,0.005586082108,0.005966513084,0.005457859867,0.01462876002,0.01092970395,0.007327446881,0.004601388219,0.02714741087,0.00425351006,0.007549982115,0.01146594705,0.01387799231,0.01423712956,0.0002121371662,0.0001665053494,0.0001172689445,7.706954481e-05,0.002924709674,0.0002123517864,0.00057595812,0.001296697977,0.002155102909,0.002922202076,0.0001305653526,0.000100981422,7.008069754e-05,4.543520034e-05,0.00231939462,0.0001320901004,0.0003156324481,0.0006317368585,0.0009265352955,0.001120237711,2.497531364e-07,4.97549651e-07,7.502002319e-07,8.558872672e-07,0.003146147733,0.0001006271121,0.0005859768317,0.002230006985,0.004855402859,0.007462489252,4.349235623e-10,1.712786679e-09,4.63656759e-09,8.33540678e-09,0.001361538217,1.482237824e-05,0.0001547529966,0.0009110983144,0.002552109239,0.004647881931,3.360468273e-09,1.673932995e-08,5.972932001e-08,1.437280244e-07,0.004129241789,0.0002349013953,0.001615396394,0.006753902134,0.01564542275,0.02565681146,3.329927669e-09,2.020799658e-08,8.784619389e-08,2.536476575e-07,0.00606136461,0.000537616319,0.00318698335,0.01160848226,0.02412224713,0.03635837983,2.551707029e-09,1.987171263e-08,1.108539101e-07,4.029423817e-07,0.008802334401,0.001174349212,0.00577096458,0.01766062841,0.03165848358,0.04242128005,2.081462226e-10,2.602499065e-09,2.236740539e-08,1.168107398e-07,0.008887812631,0.001013891884,0.004613961408,0.012563805,0.01895252304,0.02130581677,3.826871602e-13,1.270764148e-11,2.480644977e-10,2.404433439e-09,0.006913200457,0.0003014548106,0.001627645566,0.004366789125,0.005119129019,0.004026219119,8.875743644e-12,2.446363547e-10,3.96383749e-09,3.23506207e-08,0.01500760748,0.001184056681,0.004195191863,0.007611396944,0.006319746899,0.003553716213,1.174912097e-10,2.680107663e-09,3.593996939e-08,2.46317813e-07,0.02660537437,0.002935657121,0.00733642298,0.009625542096,0.005937124424,0.002491279792,4.095725301e-12,1.783445822e-10,4.058244618e-09,4.081900857e-08,0.02645557453,0.001568015921,0.003195447644,0.003040201785,0.001118123001,0.0002557238465
40,0.02134149976,0.02232087559,0.02094792042,0.01794424466,0.09627193761,0.04027353663,0.05959940819,0.07644882925,0.08250102377,0.07857543813,0.03329655859,0.03528438543,0.03355128544,0.02909056282,0.11882355,0.06181136934,0.1025853117,0.1463699598,0.176876994,0.1868722858,0.0004521736225,0.0005040272185,0.0005041341913,0.0004579995082,0.01242794602,0.003029989284,0.007824393286,0.01683047742,0.02837630017,0.04019925889,0.0002898216413,0.0003188472381,0.0003147588173,0.0002825127613,0.01006923664,0.001974206132,0.004545769774,0.008790535276,0.0132356038,0.01690285088,0.009084345125,0.006680376553,0.004408102237,0.002727875626,0.02154474412,0.002656782374,0.004169404827,0.005647779408,0.006052376024,0.005557838073,0.01474052118,0.01099562054,0.007359868357,0.004614935642,0.02709000623,0.004234680312,0.007528821442,0.01145113014,0.01387913827,0.01426800389,0.0002145180359,0.0001679931001,0.0001180490441,7.742017234e-05,0.002916968686,0.0002112927163,0.0005746445847,0.001297008373,0.002160680934,0.002938365043,0.0001322040008,0.0001020640138,7.070401673e-05,4.57628486e-05,0.00231987189,0.0001325622533,0.0003182338595,0.0006396938202,0.0009422237335,0.001144585973,2.563426607e-07,5.086313542e-07,7.638369483e-07,8.68222216e-07,0.003144047985,0.0001011201091,0.0005948207833,0.002284977868,0.005023537264,0.007797266608,4.504666352e-10,1.76464649e-09,4.751774058e-09,8.500946655e-09,0.001360915525,1.494947002e-05,0.0001583235769,0.0009445558248,0.002683277279,0.004955275317,3.451323076e-09,1.71218871e-08,6.084555726e-08,1.458635668e-07,0.00412520887,0.0002368626338,0.001651352155,0.006992621304,0.01641659929,0.02726651737,3.367156748e-09,2.037980838e-08,8.835845001e-08,2.545029905e-07,0.006034306468,0.0005400379833,0.003252386411,0.01202202194,0.02536541614,0.03878365281,2.530019278e-09,1.96861362e-08,1.097257027e-07,3.985297669e-07,0.00872441853,0.001173960345,0.005876763745,0.01829598518,0.03338004904,0.04546432377,2.031602852e-10,2.543777419e-09,2.18938622e-08,1.144880699e-07,0.008793765284,0.001016656247,0.004735506292,0.0131765429,0.02032815651,0.02333363732,3.715730795e-13,1.2403007e-11,2.433819314e-10,2.370413912e-09,0.006872416471,0.0003094836156,0.00172677343,0.004776164059,0.005790431704,0.004703186268,8.707824648e-12,2.419301865e-10,3.951382234e-09,3.248729007e-08,0.01504645529,0.001245158674,0.004553144713,0.008506527624,0.007304163664,0.004243473871,1.161174795e-10,2.677466895e-09,3.62935305e-08,2.512274011e-07,0.02687309667,0.003152369443,0.0081195324,0.0109559478,0.006986519258,0.003029419003,4.098225e-12,1.809522372e-10,4.175238766e-09,4.253829344e-08,0.02692422853,0.001745319767,0.003690992829,0.003634559578,0.001395500018,0.0003332168604
41,0.02152846586,0.02249297378,0.02108745014,0.01804640277,0.09636918116,0.04048365631,0.06014348485,0.0774254403,0.08385849369,0.08017257415,0.03354688934,0.03549778716,0.03370495128,0.02918443321,0.1186296608,0.06164218662,0.1025186265,0.1465590442,0.1774298038,0.1878586143,0.0004572720909,0.0005086061589,0.0005076120604,0.0004602368559,0.01240030382,0.003019635657,0.007822777184,0.01687733172,0.02853600367,0.04054773609,0.0002934509515,0.0003222754405,0.000317586693,0.0002845907478,0.01007342613,0.001983153078,0.004589303397,0.008916098263,0.01348694657,0.01730459043,0.009166529915,0.006732926427,0.004437579792,0.002743151422,0.0215592621,0.002667371791,0.004200948707,0.005709346102,0.006138612692,0.005658925127,0.01485394145,0.01106222494,0.00739242046,0.004628395397,0.0270304141,0.00421496018,0.007505819493,0.01143320168,0.0138761354,0.01429450472,0.000216943713,0.0001695011874,0.0001188343017,7.776937243e-05,0.002908891208,0.0002101708821,0.0005731333993,0.001296833146,0.00216539537,0.002953369232,0.0001338783408,0.0001031654147,7.133478117e-05,4.609225147e-05,0.002320110515,0.0001330033638,0.0003207782994,0.0006475936899,0.000957941323,0.00116918324,2.631623288e-07,5.200226635e-07,7.77743007e-07,8.806835081e-07,0.00314136124,0.0001015562332,0.0006034435198,0.002339919788,0.005194292721,0.008141945401,4.666993323e-10,1.818370353e-09,4.870017064e-09,8.6690764e-09,0.001359982839,1.506593042e-05,0.0001618509291,0.000978484296,0.002818916806,0.005278640178,3.545087557e-09,1.751347296e-08,6.197675258e-08,1.480015022e-07,0.004120092985,0.0002386518621,0.001686805826,0.007234308365,0.0172125185,0.02895454176,3.404132199e-09,2.054666879e-08,8.883572545e-08,2.552249561e-07,0.006004923393,0.0005418906212,0.003315765176,0.01243829906,0.02664722087,0.04133144414,2.506994106e-09,1.948812392e-08,1.085170508e-07,3.937882414e-07,0.008642106007,0.001171901579,0.005976598059,0.01893096337,0.0351535308,0.04866917539,1.980810417e-10,2.483389409e-09,2.140177118e-08,1.120484848e-07,0.008693901831,0.00101750647,0.004851885894,0.01379747237,0.02177110544,0.02551761303,3.601558673e-13,1.208294561e-11,2.383053238e-10,2.331846615e-09,0.006825184894,0.0003168857362,0.001827551684,0.005212624621,0.006536347582,0.005483108994,8.527349616e-12,2.387895307e-10,3.930928029e-09,3.255496425e-08,0.01507118678,0.00130613487,0.004930528748,0.009487810965,0.008425998247,0.005057965633,1.145324838e-10,2.66938258e-09,3.657392438e-08,2.556859471e-07,0.02711865537,0.00337699301,0.008967109643,0.0124467205,0.008207007501,0.003677691813,4.091187485e-12,1.831602114e-10,4.285111145e-09,4.42192985e-08,0.02737416615,0.001937258749,0.004252871542,0.004335690418,0.001738194124,0.0004333700845
42,0.02171866113,0.02266741841,0.02122826355,0.01814897149,0.09646014313,0.04068879823,0.06068388114,0.078403849,0.08522693344,0.08179200677,0.03380067334,0.03571319245,0.03385909874,0.02927769755,0.118426377,0.06146030061,0.102428218,0.1467119048,0.1779364045,0.1887969697,0.0004624621725,0.0005132437506,0.0005111101699,0.0004624644193,0.01237122289,0.003008376175,0.007818531528,0.01691825662,0.02868552361,0.04088265672,0.0002971555953,0.0003257594755,0.0003204450737,0.0002866773778,0.01007655525,0.001991646802,0.004632110637,0.009041232467,0.01373962353,0.01771148415,0.0092501694,0.006786215308,0.004467339728,0.002758491818,0.02157231968,0.002677569094,0.004232053325,0.005770670407,0.006225081698,0.005760980164,0.01496894904,0.01112946384,0.007425070358,0.004641749937,0.02696864962,0.004194355079,0.007480960541,0.01141209909,0.01386886,0.01431643942,0.0002194130543,0.0001710285448,0.0001196239491,7.811668392e-05,0.00290047885,0.0002089865112,0.0005714216494,0.001296157627,0.002169207819,0.002967140222,0.0001355878703,0.0001042850353,7.197249246e-05,4.642305949e-05,0.002320103448,0.0001334116481,0.0003232588753,0.0006554182887,0.000973655794,0.00119398654,2.702154766e-07,5.317229586e-07,7.919101303e-07,8.932572466e-07,0.003138075525,0.0001019325006,0.0006118113889,0.002394662128,0.005367249879,0.008495960794,4.836421333e-10,1.873983202e-09,4.99126051e-09,8.83962579e-09,0.001358733176,1.517102109e-05,0.0001653208168,0.001012785102,0.00295880046,0.005617943717,3.641776843e-09,1.791389736e-08,6.312160936e-08,1.501379724e-07,0.004113872933,0.0002402574098,0.001721612403,0.007478251026,0.01803178396,0.03072029182,3.440781856e-09,2.070809431e-08,8.927592512e-08,2.558080129e-07,0.005973212364,0.0005431492149,0.003376778755,0.0128557521,0.02796482328,0.04400053894,2.48265806e-09,1.927793095e-08,1.072297179e-07,3.887255787e-07,0.008555477143,0.001168135037,0.006069753572,0.01956253691,0.03697400875,0.05203393846,1.929214214e-10,2.421502486e-09,2.089259396e-08,1.094995994e-07,0.008588354344,0.001016380285,0.004962185191,0.01442359744,0.02327893702,0.02786188895,3.484786405e-13,1.174874712e-11,2.328549882e-10,2.288868091e-09,0.006771495089,0.0003235724352,0.001929321912,0.005675764693,0.007361812989,0.006378278378,8.334972413e-12,2.352219056e-10,3.902383607e-09,3.255105426e-08,0.01508127023,0.001366489526,0.00532635596,0.01055910118,0.009699726764,0.006016428014,1.127401222e-10,2.655745217e-09,3.677671313e-08,2.596439123e-07,0.02734033733,0.003608435921,0.009880351253,0.01411086675,0.009621606728,0.004456108467,4.074376098e-12,1.849369239e-10,4.386673837e-09,4.58464596e-08,0.02780281628,0.002143880668,0.004887061891,0.005159509221,0.002160046919,0.0005623627757
43,0.0219119946,0.02284409789,0.02137024545,0.01825184752,0.09654455123,0.04088850039,0.06121961243,0.07938249379,0.0866044003,0.08343178774,0.03405774711,0.03593042834,0.03401357418,0.0293702389,0.118213712,0.06126565651,0.1023135865,0.14682725,0.17839451,0.1896840983,0.0004677413496,0.0005179366896,0.0005146251263,0.0004646793415,0.01234070521,0.002996207072,0.007811591795,0.0169529949,0.02882421851,0.04120280981,0.0003009343482,0.0003292973946,0.000323331656,0.0002887704289,0.01007859263,0.001999658879,0.004674087171,0.009165676072,0.01399316693,0.01812289018,0.009335225235,0.006840210142,0.004497358262,0.002773881621,0.0215838635,0.002687347062,0.004262654262,0.005831640353,0.006311639122,0.005863856918,0.01508547065,0.01119728374,0.007457785711,0.004654982357,0.02690473332,0.004172873199,0.007454235052,0.01138777064,0.01385720319,0.0143336308,0.000221924865,0.0001725740875,0.0001204172222,7.84616585e-05,0.002891734138,0.0002077400556,0.0005695071686,0.001294969012,0.002172083162,0.002979607715,0.0001373320494,0.0001054222659,7.261664657e-05,4.675492533e-05,0.0023198444,0.0001337854283,0.0003256688503,0.0006631494245,0.000989334202,0.00121895098,2.775052656e-07,5.437311957e-07,8.063295318e-07,9.059292646e-07,0.00313418085,0.000102246172,0.00061989111,0.002449028799,0.005541956056,0.008858657797,5.013154833e-10,1.931507971e-09,5.115462078e-09,9.012416831e-09,0.001357160646,1.5264051e-05,0.0001687187928,0.001047351955,0.003102655919,0.005973033319,3.741402015e-09,1.832294979e-08,6.427878179e-08,1.52269089e-07,0.00410653144,0.0002416683859,0.001755625232,0.007723685998,0.01887275047,0.03256257801,3.47703459e-09,2.086362016e-08,8.967709969e-08,2.562472305e-07,0.00593917988,0.0005437921388,0.003435089263,0.01327272685,0.02931491908,0.0467886692,2.457044265e-09,1.905587839e-08,1.058659245e-07,3.833515359e-07,0.008464632759,0.00116263533,0.006155541377,0.0201875369,0.03883580007,0.05555513933,1.876947776e-10,2.358293546e-09,2.036791221e-08,1.068498579e-07,0.00847728615,0.001013232339,0.005065502056,0.01505165856,0.02484833344,0.03036940903,3.365864388e-13,1.140182491e-11,2.270548161e-10,2.24165955e-09,0.006711376185,0.0003294593314,0.002031355418,0.006164774213,0.008271416313,0.007401642509,8.131454489e-12,2.312388726e-10,3.865734726e-09,3.247363097e-08,0.01507625424,0.001425695946,0.005739279314,0.01172357923,0.01114027782,0.007140148418,1.10746287e-10,2.636497121e-09,3.68981019e-08,2.630548932e-07,0.0275365309,0.003845401716,0.01085970453,0.01596112294,0.01125518474,0.005387534756,4.047653364e-12,1.862544279e-10,4.478773504e-09,4.740382168e-08,0.0282076557,0.002364997467,0.005599424528,0.00612340984,0.002677304538,0.0007278713241
44,0.02210837209,0.02302289871,0.02151328041,0.01835492869,0.09662215395,0.04108231738,0.06174970403,0.08035979916,0.08798889879,0.08508987351,0.03431794401,0.03614932143,0.03416822633,0.02946194448,0.1179917039,0.06105824044,0.1021743132,0.1469039131,0.178801993,0.1905169048,0.0004731069935,0.0005226816169,0.0005181535542,0.0004668788437,0.01230875678,0.002983127864,0.007801903324,0.01698131125,0.02895148274,0.04150702622,0.0003047859,0.000332887187,0.0003262441135,0.000290867695,0.01007951028,0.002007162421,0.004715130504,0.009289165506,0.01424709558,0.01853813243,0.009421657603,0.006894877257,0.004527611547,0.002789305807,0.02159384493,0.00269667978,0.004292688406,0.005892144168,0.00639813896,0.005967404081,0.0152034315,0.01126563101,0.007490534704,0.004668076422,0.02683869115,0.004150525484,0.007425639741,0.01136017574,0.0138410715,0.01434591814,0.0002244778975,0.0001741367129,0.0001212133617,7.880386163e-05,0.002882660501,0.00020643219,0.0005673885527,0.001293256437,0.002173989782,0.002990705972,0.0001391102982,0.0001065764768,7.326673433e-05,4.708750436e-05,0.00231932785,0.0001341231405,0.0003280016735,0.0006707689694,0.001004943058,0.001244029894,2.850346577e-07,5.560458824e-07,8.209919175e-07,9.186851584e-07,0.003129669237,0.0001024947731,0.0006276500107,0.002502839283,0.005717926939,0.009229290607,5.197397106e-10,1.990965371e-09,5.242573052e-09,9.187264115e-09,0.001355260479,1.534438278e-05,0.0001720303095,0.001082071402,0.003250165101,0.006343626819,3.84396981e-09,1.874039915e-08,6.544687815e-08,1.543909482e-07,0.004098055239,0.0002428747797,0.001788697149,0.00796980277,0.01973352131,0.03447957234,3.512820613e-09,2.101280274e-08,9.00374579e-08,2.565383253e-07,0.005902841945,0.0005438014301,0.003490365159,0.01368748763,0.03069373729,0.04969244039,2.430192179e-09,1.882235076e-08,1.044283308e-07,3.77677774e-07,0.008369693578,0.001155390072,0.006233306266,0.02080267941,0.04073246705,0.05922761495,1.824147716e-10,2.293947236e-09,1.98294114e-08,1.04108442e-07,0.008360890692,0.001008035235,0.00516096015,0.01567815811,0.02647505146,0.03304172072,3.245256927e-13,1.104369819e-11,2.209319729e-10,2.190444727e-09,0.006644897198,0.0003344681683,0.002132860442,0.006678404234,0.009269246808,0.008566654507,7.917655824e-12,2.268559334e-10,3.821045977e-09,3.232147277e-08,0.01505577318,0.001483203838,0.006167576613,0.01298358822,0.01276280329,0.008452455794,1.085588112e-10,2.611634527e-09,3.693501856e-08,2.658764907e-07,0.02770574303,0.004086392837,0.01190475287,0.01800964803,0.01313431443,0.006497886843,4.010985894e-12,1.870890262e-10,4.560313457e-09,4.887530286e-08,0.02858623467,0.002600154753,0.006395537979,0.007246177337,0.003308874661,0.0009393625732
45,0.02230769609,0.02320370548,0.02165725286,0.01845811412,0.09669272112,0.04126982202,0.06227319457,0.08133418059,0.08937838619,0.08676412951,0.0345810943,0.03636969805,0.03432290643,0.02955270586,0.1177604157,0.06083807956,0.1020100617,0.1469408578,0.179156895,0.191292467,0.0004785563628,0.0005274751192,0.0005216921005,0.0004690602312,0.01227538768,0.002969141354,0.007789421614,0.01700299368,0.02906675006,0.04179418557,0.0003087088514,0.0003365267783,0.0003291800989,0.0002929669898,0.0100792837,0.002014132203,0.00475514042,0.009411436544,0.0145009167,0.01895650251,0.009509425174,0.00695018237,0.004558075693,0.002804749545,0.02160222013,0.002705542729,0.004322094178,0.005952070663,0.006484433611,0.006071465725,0.01532275536,0.0113344519,0.00752328609,0.004681016593,0.02677055443,0.00412732559,0.007395177603,0.01132928513,0.01382038734,0.01435315799,0.0002270708502,0.0001757153011,0.0001220116145,7.914287332e-05,0.002873262271,0.0002050638093,0.0005650651677,0.001291011041,0.002174899759,0.003000374237,0.0001409219953,0.0001077470176,7.39222419e-05,4.742045527e-05,0.00231854907,0.0001344233417,0.0003302510099,0.0006782589417,0.001020448468,0.001269175004,2.928063903e-07,5.686650547e-07,8.35887488e-07,9.315103223e-07,0.003124534751,0.0001026761143,0.0006350562669,0.002555909774,0.005894648778,0.009607023048,5.389349382e-10,2.052373672e-09,5.372538163e-09,9.363975239e-09,0.001353029042,1.541143875e-05,0.0001752408362,0.001116823448,0.003400963974,0.00672930381,3.949482328e-09,1.916599354e-08,6.662446436e-08,1.564996471e-07,0.004088435128,0.0002438675576,0.001820681677,0.008215748228,0.02061194874,0.03646877212,3.548071785e-09,2.115522201e-08,9.035537795e-08,2.566776918e-07,0.005864223983,0.0005431630217,0.003542284676,0.01409823023,0.03209704698,0.05270726928,2.402147308e-09,1.857779313e-08,1.029200145e-07,3.717177572e-07,0.00827079946,0.001146400219,0.006302435278,0.02140459694,0.04265683836,0.0630444195,1.770952536e-10,2.228654183e-09,1.927886342e-08,1.012851713e-07,0.008239390112,0.001000780286,0.005247722078,0.01629939248,0.02815389647,0.03587878419,3.123436761e-13,1.067597249e-11,2.145165345e-10,2.135486928e-09,0.00657216671,0.0003385285398,0.00223299165,0.007214938887,0.0103587319,0.0098870745,7.694524249e-12,2.220923557e-10,3.768461183e-09,3.209410101e-08,0.01501955173,0.001538447897,0.006609142184,0.0143404656,0.0145823983,0.009978647531,1.061873829e-10,2.581208746e-09,3.688518247e-08,2.680711421e-07,0.02784661541,0.004329719775,0.01301410784,0.02026767765,0.01528704751,0.007816282081,3.964447292e-12,1.87421821e-10,4.630275785e-09,5.024498193e-08,0.02893620296,0.002848605088,0.007280510971,0.008547833553,0.004076564401,0.001208421167
46,0.02250986572,0.02338640095,0.02180204721,0.01856130437,0.09675604443,0.04145060676,0.06278913933,0.08230404985,0.09077077872,0.08845233527,0.03484702514,0.03659138437,0.03447746847,0.02964241912,0.1175199347,0.06060524191,0.1018205794,0.1469371829,0.1794574359,0.1920080506,0.000484086601,0.0005323137325,0.0005252374399,0.0004712208983,0.01224061196,0.002954253618,0.007774112561,0.01701785464,0.02916949694,0.04206322306,0.000312701711,0.0003402140311,0.000332137247,0.0002950661512,0.01007789187,0.002020544777,0.00479401944,0.009532225464,0.01475412784,0.01937726203,0.009598485071,0.007006090589,0.00458872679,0.002820198219,0.02160895015,0.002713912875,0.004350811762,0.006011309639,0.006570374388,0.006175881772,0.01544336451,0.01140369261,0.007556009231,0.004693788048,0.02670035975,0.004103289842,0.0073628579,0.01129508108,0.01379508941,0.01435522496,0.0002297023667,0.000177308716,0.0001228112346,7.947828899e-05,0.002863544667,0.0002036360246,0.000562537155,0.001288226027,0.002174789051,0.003008557133,0.0001427664766,0.0001089332174,7.458265138e-05,4.775344066e-05,0.002317504128,0.0001346847165,0.0003324107709,0.0006856015887,0.001035816287,0.001294336606,3.008229505e-07,5.815862545e-07,8.510059445e-07,9.443899858e-07,0.003118773515,0.0001027883084,0.0006420791445,0.002608054422,0.006071581064,0.009990930193,5.589209895e-10,2.115748476e-09,5.50529547e-09,9.542351279e-09,0.00135046385,1.546470646e-05,0.0001783359823,0.0011514823,0.003554642994,0.007129498252,4.057936746e-09,1.959946025e-08,6.781006801e-08,1.585912999e-07,0.004077666001,0.0002446387503,0.001851434279,0.008460632113,0.02150563809,0.03852697061,3.582721914e-09,2.129048379e-08,9.062941784e-08,2.56662429e-07,0.005823360692,0.000541866933,0.003590539264,0.01450309675,0.03352017159,0.05582733509,2.372960861e-09,1.832270744e-08,1.013444452e-07,3.654866329e-07,0.008168108482,0.001135680217,0.006362365954,0.02198987313,0.04460104456,0.06699675378,1.717501447e-10,2.162609178e-09,1.871810807e-08,9.839039376e-08,0.008113033554,0.0009914779459,0.005325002477,0.01691149047,0.02987871312,0.0388787921,3.000879553e-13,1.030031898e-11,2.078410758e-10,2.077085337e-09,0.006493332105,0.0003415795157,0.002330861804,0.007772176038,0.01154246671,0.01137672335,7.46308334e-12,2.169709341e-10,3.708202339e-09,3.179180182e-08,0.01496740855,0.001590857464,0.007061487641,0.01579437763,0.01661377051,0.01174584029,1.036434251e-10,2.545326328e-09,3.674716e-08,2.696068907e-07,0.02795793971,0.004573516243,0.01418531252,0.02274514469,0.01774259765,0.009375128335,3.908218954e-12,1.872391821e-10,4.6877429e-09,5.149740228e-08,0.02925533559,0.003109286689,0.008258774879,0.0100494064,0.005005282733,0.001549107127
47,0.02271477662,0.02357086606,0.02194754799,0.01866440157,0.09681193785,0.04162428521,0.06329661365,0.08326782048,0.09216395824,0.09015219028,0.03511556066,0.03681420655,0.03463176931,0.02973098497,0.1172703727,0.06035983616,0.1016056983,0.1468921262,0.1797020223,0.1926611227,0.0004896947355,0.0005371939436,0.0005287862795,0.0004733583339,0.01220444764,0.002938473973,0.007755952641,0.01702573212,0.0292592458,0.04231313599,0.0003167628914,0.0003439467445,0.0003351131772,0.0002971630451,0.0100753174,0.002026378574,0.004831673281,0.009651270238,0.01500621904,0.01979964527,0.00968879283,0.007062566428,0.004619540927,0.002835637445,0.02161400102,0.002721768756,0.004378783331,0.006069752305,0.006655812069,0.006280488515,0.01556517981,0.01147329933,0.007588674131,0.004706376703,0.0266281489,0.004078437166,0.007328696129,0.0112575574,0.01376513302,0.0143520124,0.000232371035,0.0001789158056,0.0001236114844,7.980972015e-05,0.002853513777,0.0002021501576,0.0005598054307,0.001284896694,0.002173637651,0.003015205025,0.0001446430331,0.0001101343847,7.524744128e-05,4.808612765e-05,0.002316189906,0.000134906083,0.0003344751433,0.0006927794722,0.00105101227,0.00131946378,3.090865487e-07,5.948065076e-07,8.663364968e-07,9.573092538e-07,0.003112383719,0.0001028297856,0.0006486892394,0.002659086652,0.006248159679,0.01038000122,5.797172872e-10,2.18110249e-09,5.640776265e-09,9.722187323e-09,0.001347563576,1.550374368e-05,0.0001813016235,0.001185917238,0.003710748239,0.007543492669,4.16932504e-09,2.004050572e-08,6.900218282e-08,1.606620548e-07,0.004065746866,0.000245181533,0.001880813636,0.008703533269,0.02241195551,0.04065023556,3.616707053e-09,2.141822187e-08,9.085832444e-08,2.56490361e-07,0.005780295839,0.0005399074134,0.003634837002,0.014900192,0.03495801101,0.05904554662,2.342689361e-09,1.805764849e-08,9.970545384e-08,3.590010937e-07,0.008061795868,0.001123257958,0.006412594128,0.02255508024,0.0465565682,0.07107392146,1.66393319e-10,2.096009329e-09,1.814903409e-08,9.543487137e-08,0.007982095213,0.0009801579179,0.005392080745,0.0175104576,0.03164239471,0.04203800597,2.878058433e-13,9.918452972e-12,2.009402171e-10,2.01557067e-09,0.006408578367,0.000343571111,0.002425555448,0.008347418383,0.01282204065,0.01304918774,7.22441915e-12,2.115176869e-10,3.640567093e-09,3.141563353e-08,0.01489925895,0.001639867026,0.007521752745,0.01734416191,0.01887086098,0.01378273305,1.009399452e-10,2.504148193e-09,3.652040503e-08,2.704580705e-07,0.02803867145,0.004815760504,0.01541476121,0.02545027392,0.02053092542,0.01121013266,3.842588645e-12,1.865331152e-10,4.731917803e-09,5.261788349e-08,0.02954155804,0.003380809193,0.009333861071,0.01177261491,0.006123188248,0.00197833674
48,0.02292232095,0.02375697999,0.02209363995,0.01876730955,0.096860238,0.0417904935,0.06379471627,0.08422391353,0.09355577947,0.09186132078,0.03538652204,0.03703799093,0.03478566894,0.02981830897,0.1170118655,0.06010201107,0.1013653363,0.146805068,0.1798892552,0.1932493645,0.0004953776757,0.0005421121937,0.0005323353642,0.0004754701253,0.01216691662,0.002921814929,0.007734929029,0.01702649062,0.02933556785,0.04254299017,0.000320890707,0.0003477226549,0.0003381054966,0.0002992555693,0.01007154646,0.002031614012,0.004868011302,0.009768311771,0.01525667508,0.0202228622,0.009780302373,0.007119573809,0.004650494223,0.002851053097,0.02161734385,0.002729090558,0.004405953266,0.006127291696,0.006740597459,0.006385119185,0.01568812071,0.01154321829,0.007621251477,0.004718769233,0.02655396879,0.00405278902,0.007292713945,0.01121671952,0.01373049036,0.01434343296,0.0002350753871,0.0001805354034,0.0001244116354,8.013679518e-05,0.002843176543,0.0002006077344,0.000556871681,0.001281020476,0.002171429713,0.003020274359,0.00014655091,0.0001113498071,7.591608722e-05,4.841818847e-05,0.002314604097,0.0001350863988,0.000336438618,0.0006997755545,0.001066002249,0.001344504611,3.175990912e-07,6.083223039e-07,8.818678745e-07,9.702531473e-07,0.003105365617,0.0001027993059,0.000654858712,0.002708820556,0.006423800501,0.01077314357,6.013427476e-10,2.248445307e-09,5.778905017e-09,9.903273065e-09,0.001344328049,1.552818282e-05,0.0001841240308,0.001219993594,0.003868783253,0.007970414195,4.283633719e-09,2.048881578e-08,7.019927342e-08,1.62708111e-07,0.004052680829,0.0002454902932,0.001908682942,0.008943506628,0.02332803966,0.04283389685,3.649965787e-09,2.153810003e-08,9.10410412e-08,2.561600516e-07,0.00573508199,0.0005372830364,0.003674905907,0.01528760128,0.03640507193,0.06235352732,2.311394214e-09,1.77832194e-08,9.800719992e-08,3.52279224e-07,0.007952052791,0.001109174542,0.006452681088,0.02309681873,0.04851430858,0.07526331572,1.610384899e-10,2.029052237e-09,1.757355984e-08,9.242966143e-08,0.00784687216,0.0009668689163,0.005448313088,0.01809222558,0.03343691255,0.04535061592,2.755438717e-13,9.532112084e-12,1.938501412e-10,1.951300259e-09,0.006318126455,0.0003444655483,0.002516144324,0.008937476479,0.01419786659,0.01491747835,6.979666059e-12,2.057614985e-10,3.565924809e-09,3.096741901e-08,0.01481511641,0.001684927284,0.007986727123,0.01898718454,0.02136642175,0.01611927223,9.809135618e-11,2.457887736e-09,3.620528275e-08,2.706058833e-07,0.02808794225,0.005054302752,0.01669764029,0.02838916052,0.02368222028,0.0133602092,3.76794688e-12,1.853015169e-10,4.762142402e-09,5.35928316e-08,0.02979297036,0.003661448023,0.01050816956,0.01373946463,0.00746176045,0.002516276038
49,0.02313238731,0.0239446202,0.02224020817,0.01886993405,0.09690080442,0.04194889156,0.06428257279,0.08517076334,0.09494407759,0.0935772873,0.03565972757,0.03726256418,0.03493903057,0.02990430156,0.1167445722,0.05983195481,0.1010994965,0.1466755333,0.1800179368,0.1937706829,0.000501132213,0.0005470648809,0.0005358814813,0.0004775539636,0.01212804462,0.002904292124,0.007711039652,0.01702002184,0.02939808578,0.04275192581,0.0003250833709,0.0003515394361,0.0003411118027,0.0003013416575,0.0100665689,0.002036233577,0.004902946948,0.009883095153,0.01550497793,0.02064610179,0.009872965983,0.007177076083,0.00468156284,0.002866431323,0.02161895479,0.002735860191,0.00443226838,0.006183823102,0.00682458199,0.006489604566,0.01581210529,0.01161339579,0.007653712671,0.004730953082,0.02647787127,0.004026369297,0.007254939068,0.01117258448,0.01369115059,0.01432941907,0.0002378138982,0.0001821663292,0.00012521097,8.045915991e-05,0.002832540736,0.0001990104775,0.0005537383525,0.00127659695,0.002168153659,0.003023727947,0.0001484893051,0.0001125787521,7.658806249e-05,4.874930107e-05,0.002312745216,0.0001352247652,0.0003382960171,0.0007065732847,0.001080752294,0.001369406435,3.263621535e-07,6.221295782e-07,8.975883402e-07,9.832066467e-07,0.003097721515,0.0001026959697,0.0006605615139,0.002757072326,0.006597903431,0.01116918834,6.238156672e-10,2.317783178e-09,5.919599344e-09,1.008539344e-08,0.001340758248,1.55377346e-05,0.0001867899995,0.001253573832,0.00402821163,0.008409232718,4.40084357e-09,2.094405592e-08,7.13997804e-08,1.647257361e-07,0.004038475069,0.0002455606891,0.001934911196,0.009179590857,0.02425081734,0.04507254435,3.682439511e-09,2.164981377e-08,9.117671443e-08,2.55670813e-07,0.005687780181,0.0005339967408,0.003710497085,0.01566340934,0.037855506,0.06574162015,2.27914124e-09,1.750006661e-08,9.625413476e-08,3.453403329e-07,0.007839085058,0.001093483845,0.00648225993,0.02361175826,0.05046466072,0.07955043928,1.556991007e-10,1.961934197e-09,1.699361396e-08,8.938599603e-08,0.007707681971,0.0009516780893,0.005493143549,0.01865270609,0.03525336653,0.04880862991,2.633472889e-13,9.143034561e-12,1.866080903e-10,1.884652714e-09,0.006222231276,0.0003442382626,0.002601704163,0.009538684915,0.01566901918,0.01699364539,6.729992045e-12,1.99733714e-10,3.484711288e-09,3.044972294e-08,0.01471509305,0.001725516465,0.008452883201,0.02071921889,0.02411155777,0.01878621094,9.511327347e-11,2.406807938e-09,3.580307589e-08,2.700388488e-07,0.0281050703,0.005286898165,0.0180278951,0.03156534506,0.02722627888,0.01586726608,3.684781144e-12,1.835483056e-10,4.777913267e-09,5.441003802e-08,0.0300078697,0.003949148682,0.01178273706,0.01597175112,0.009055771009,0.003186731869
50,0.02334486068,0.02413366249,0.02238713822,0.01897218278,0.09693351982,0.04209916437,0.06475933894,0.08610682363,0.09632667638,0.09529759285,0.03593499275,0.03748775345,0.03509172086,0.02998887826,0.1164686754,0.05954989414,0.1008082675,0.1465031943,0.1800870762,0.1942232216,0.0005069550198,0.0005520483643,0.0005394214657,0.0004796076475,0.0120878611,0.002885924232,0.007684293189,0.01700624534,0.02944647605,0.04293916311,0.0003293389926,0.0003553947003,0.0003441296869,0.0003034192834,0.0100603782,0.002040221907,0.004936398171,0.009995370922,0.01575060925,0.02106853573,0.009966734279,0.007235036042,0.004712723019,0.002881758567,0.02161881516,0.002742061349,0.004457678124,0.00623924449,0.006907618326,0.006593773647,0.01593705031,0.01168377828,0.007686029863,0.004742916486,0.02639991305,0.003999204238,0.007215405144,0.01112518075,0.01364711992,0.01430992331,0.000240584987,0.0001838073903,0.0001260087817,8.077647827e-05,0.002821614931,0.0001973602976,0.0005504086386,0.001271627842,0.002163802255,0.00302553523,0.0001504573676,0.0001138204665,7.726283876e-05,4.907914971e-05,0.002310612597,0.0001353204316,0.0003400425199,0.0007131566838,0.001095228898,0.0013941161,3.353769519e-07,6.362236927e-07,9.134857057e-07,9.961547361e-07,0.00308945575,0.0001025192248,0.0006657736032,0.002803661731,0.006769856806,0.01156689706,6.47153605e-10,2.389118797e-09,6.062770017e-09,1.026832929e-08,0.001336856295,1.553219101e-05,0.000189286976,0.001286518727,0.004188460337,0.008858761323,4.520929416e-09,2.140587164e-08,7.260212584e-08,1.667112834e-07,0.004023140782,0.0002453896935,0.00195937446,0.009410816565,0.02517702299,0.04736003663,3.714072694e-09,2.175309195e-08,9.126469812e-08,2.550227083e-07,0.005638459545,0.0005300558188,0.003741387671,0.01602572025,0.03930315591,0.06919891391,2.246000174e-09,1.72088747e-08,9.445096291e-08,3.382047765e-07,0.00772311168,0.001076251896,0.006501040969,0.02409667938,0.05239760783,0.08391896023,1.503882215e-10,1.894848473e-09,1.641111645e-08,8.631516204e-08,0.007564860183,0.0009346701102,0.005526113753,0.01918784782,0.03708205732,0.05240179891,2.51259594e-13,8.752938134e-12,1.792518562e-10,1.816022268e-09,0.006121179284,0.0003428786138,0.002681332387,0.01014693241,0.0172330892,0.01928835852,6.47658369e-12,1.934676947e-10,3.397422269e-09,2.986581447e-08,0.01459939901,0.001761151536,0.008916420332,0.02253435273,0.02711524412,0.02181455803,9.202229325e-11,2.351217546e-09,3.531597279e-08,2.687531128e-07,0.02808956877,0.005511245021,0.01939822688,0.03497939919,0.03119178315,0.01877585229,3.5936681e-12,1.812834221e-10,4.778894223e-09,5.505895708e-08,0.03018477096,0.00424154202,0.01315701382,0.01849047402,0.01094313059,0.004017520813
51,0.02355962246,0.02432398108,0.02253431624,0.01907396561,0.09695829019,0.04224102306,0.06522420383,0.08703057347,0.0977013966,0.09701969195,0.03621213041,0.03771338658,0.03524361007,0.03007195971,0.1161843801,0.05925609329,0.1004918225,0.1462878711,0.1800958936,0.1946053699,0.0005128426496,0.0005570589669,0.0005429522048,0.0004816290871,0.0120463991,0.00286673287,0.007654708994,0.01698510895,0.02948047089,0.04310400732,0.0003336555754,0.0003592859989,0.0003471567374,0.0003054864643,0.01005297149,0.00204356586,0.004968287839,0.01010489634,0.01599305304,0.02148932228,0.0100615562,0.007293415933,0.004743951094,0.002897021586,0.02161691141,0.002747679573,0.00448213479,0.00629345693,0.006989560983,0.006697454314,0.01606287125,0.01175431239,0.007718175986,0.004754648476,0.02632015551,0.003971322314,0.007174151591,0.01107454816,0.01359842152,0.01428491861,0.0002433870154,0.0001854573824,0.0001268043768,8.108843284e-05,0.00281040848,0.0001956592833,0.0005468864602,0.001266117014,0.002158372654,0.003025672476,0.0001524541968,0.0001150741772,7.79398867e-05,4.940742549e-05,0.00230820639,0.0001353727987,0.0003416736876,0.0007195104292,0.001109399151,0.001418580233,3.446443161e-07,6.505994209e-07,9.295473506e-07,1.009082448e-06,0.003080574665,0.0001022688705,0.0006704731447,0.002848413596,0.006939042148,0.01196496968,6.713732588e-10,2.462451087e-09,6.20832101e-09,1.045185815e-08,0.001332625435,1.551142737e-05,0.0001916031811,0.001318688607,0.004348923761,0.009317659224,4.643859895e-09,2.187388902e-08,7.380471887e-08,1.686612087e-07,0.004006693104,0.0002449756257,0.001981957078,0.009636214981,0.02610322208,0.04968952141,3.744813118e-09,2.184769813e-08,9.130455704e-08,2.542165475e-07,0.00558719687,0.0005254718494,0.003767383479,0.01637267765,0.04074160881,0.07271329205,2.212044142e-09,1.691036078e-08,9.260260149e-08,3.308937721e-07,0.007604363372,0.001057556086,0.006508816071,0.02454851499,0.05430282602,0.08835080525,1.451184539e-10,1.827983661e-09,1.582796039e-08,8.322838359e-08,0.00741875762,0.0009159459587,0.005546871076,0.01969369547,0.03891257988,0.05611758348,2.393221139e-13,8.363499899e-12,1.718192738e-10,1.745812961e-09,0.006015285751,0.0003403902728,0.002754166243,0.01075770619,0.01888606124,0.02181046106,6.220631255e-12,1.869983463e-10,3.30460588e-09,2.921961603e-08,0.01446834057,0.001791398941,0.00937331962,0.02442493045,0.03038383217,0.02523491677,8.883575606e-11,2.291466402e-09,3.474703746e-08,2.667526004e-07,0.02804115198,0.005725026952,0.02080012331,0.03862853838,0.03560548728,0.02213264787,3.49526399e-12,1.785226979e-10,4.764925347e-09,5.55309527e-08,0.03032242496,0.004535971049,0.01462865994,0.02131516888,0.01316458752,0.005040791406
52,0.02377655038,0.02451544868,0.02268162911,0.01917519467,0.09697504488,0.04237420598,0.06567639315,0.08794052342,0.09906606474,0.09874100022,0.03649095082,0.03793929223,0.03539457219,0.03015347176,0.115891913,0.05895085283,0.1001504185,0.1460295321,0.1800438241,0.1949157713,0.0005187915378,0.0005620929796,0.0005464706431,0.0004836163072,0.0120036952,0.002846742477,0.007622316966,0.01695658903,0.02949985995,0.04324585326,0.0003380310148,0.0003632108241,0.0003501905427,0.0003075412646,0.01004434952,0.002046254571,0.004998544122,0.01021143664,0.01623179828,0.02190761055,0.01015737899,0.007352177482,0.004775223525,0.00291220747,0.0216132351,0.002752702302,0.004505593699,0.006346365014,0.007070266963,0.006800474068,0.01618948232,0.01182494501,0.007750124783,0.004766138891,0.02623866452,0.003942754111,0.007131223406,0.01102073764,0.01354509544,0.01425439843,0.0002462182886,0.0001871150909,0.0001275970751,8.139472527e-05,0.002798931477,0.000193909691,0.0005431764438,0.001260070437,0.002151866414,0.003024122947,0.0001544788413,0.0001163390914,7.861867669e-05,4.973382698e-05,0.002305527554,0.0001353814207,0.0003431854849,0.0007256199361,0.001123230921,0.001442745534,3.54164661e-07,6.652509333e-07,9.457602427e-07,1.02197491e-06,0.00307108656,0.0001019450594,0.0006746406941,0.002891159281,0.007104839183,0.01236205369,6.964903358e-10,2.537774985e-09,6.356149568e-09,1.063575493e-08,0.001328070015,1.547540364e-05,0.0001937277271,0.00134994466,0.004508968448,0.009784437308,4.769597248e-09,2.234771533e-08,7.500596162e-08,1.705720869e-07,0.003989151021,0.0002443181689,0.002002552824,0.009854826952,0.02702583803,0.05205346805,3.774612114e-09,2.193343173e-08,9.129606837e-08,2.532538772e-07,0.005534076131,0.0005202605794,0.003788321336,0.01670248536,0.04216425641,0.07627150448,2.177349123e-09,1.660526879e-08,9.071413826e-08,3.234292071e-07,0.007483080965,0.001037484212,0.006505461811,0.02496439071,0.05616979971,0.09282629065,1.399018442e-10,1.761522163e-09,1.524599463e-08,8.013670911e-08,0.007269737621,0.00089562142,0.00555517502,0.02016644945,0.04073393745,0.05994116661,2.275736313e-13,7.976337568e-12,1.643477297e-10,1.674432799e-09,0.005904891734,0.0003367912674,0.002819400769,0.01136615034,0.02062222193,0.02456651121,5.963314111e-12,1.803616303e-10,3.206854208e-09,2.851563972e-08,0.01432231726,0.001815884514,0.009819408443,0.02638153612,0.03392056097,0.02907671827,8.557150215e-11,2.227940054e-09,3.410016217e-08,2.640490099e-07,0.02795973931,0.005925958223,0.02222392498,0.04250627896,0.04049132828,0.02598578483,3.390293476e-12,1.752875927e-10,4.736027988e-09,5.581950526e-08,0.03041983395,0.004829529448,0.01619337223,0.02446316966,0.0157632568,0.006293270529
53,0.02399551853,0.02470793656,0.02282896454,0.0192757845,0.0969837366,0.04249847953,0.06611517218,0.08883522157,0.100418522,0.1004589046,0.03677126181,0.03816530007,0.03554448508,0.03023334558,0.1155915223,0.05863450826,0.0997843945,0.1457282942,0.1799305202,0.1951533297,0.000524798002,0.0005671466653,0.0005499737869,0.0004855674509,0.0119597893,0.002825980186,0.007587157356,0.01692069056,0.02950449151,0.04336418927,0.0003424630965,0.0003671666095,0.000353228695,0.0003095817999,0.01003451666,0.002048279497,0.005027100855,0.01031476628,0.0164663417,0.02232254484,0.01025414819,0.007411281914,0.004806516917,0.002927303658,0.02160778294,0.002757118911,0.004528013386,0.006397877258,0.007149596386,0.006902660776,0.01631679662,0.01189562328,0.007781850834,0.004777378383,0.02615551027,0.003913532204,0.007086670951,0.01096381096,0.0134871983,0.01421837671,0.0002490770558,0.0001887792924,0.000128386211,8.169507677e-05,0.002787194728,0.0001921139333,0.0005392838944,0.001253496157,0.002144289489,0.003020877006,0.0001565302982,0.0001176143967,7.929867951e-05,5.005806069e-05,0.002302577854,0.0001353460074,0.0003445743015,0.0007314714366,0.001136693036,0.001466559062,3.639379588e-07,6.801717848e-07,9.621109619e-07,1.034817389e-06,0.003061001654,0.0001015482951,0.0006782593608,0.002931738125,0.007266631088,0.01275675449,7.225194188e-10,2.615081246e-09,6.50614633e-09,1.081979278e-08,0.00132319546,1.542416475e-05,0.0001956507276,0.001380150275,0.004667938487,0.01025746635,4.898097137e-09,2.282693979e-08,7.620425527e-08,1.724406285e-07,0.003970537249,0.0002434183731,0.002021065971,0.01006571215,0.0279411825,0.05444371233,3.803424761e-09,2.201012887e-08,9.123922159e-08,2.521369647e-07,0.005479187968,0.0005144417526,0.003804071034,0.01701342765,0.04356436101,0.07985926261,2.141993388e-09,1.629436369e-08,8.879078901e-08,3.158334445e-07,0.007359513782,0.001016133384,0.006490941367,0.02534166343,0.05798794571,0.09732429099,1.347498061e-10,1.695638795e-09,1.466700764e-08,7.705090469e-08,0.007118173204,0.000873825338,0.005550901605,0.02060252474,0.0425346744,0.06385551646,2.160500656e-13,7.592992441e-12,1.568736964e-10,1.602288019e-09,0.005790360808,0.0003321136808,0.002876306052,0.01196713738,0.02243410542,0.02756032569,5.70578683e-12,1.73594069e-10,3.104794219e-09,2.775891288e-08,0.01416181788,0.001834302192,0.01025043326,0.02839302243,0.03772509247,0.03336736079,8.224762391e-11,2.16105377e-09,3.338000389e-08,2.606616431e-07,0.02784545658,0.006111830696,0.02365892888,0.04660215722,0.04586948108,0.03038399202,3.279537244e-12,1.7160481e-10,4.692405625e-09,5.592037109e-08,0.03047626396,0.005119111288,0.017844753,0.02794882119,0.01878396257,0.007816400949
54,0.02421639735,0.02490131464,0.02297621123,0.01937565213,0.09698434132,0.04261363903,0.06653984868,0.08971325958,0.1017566333,0.1021707739,0.03705286894,0.03839124096,0.03569323064,0.03031151764,0.1152834764,0.05830742854,0.0993941698,0.145384421,0.1797558522,0.1953172149,0.0005308582432,0.0005722162631,0.0005534587091,0.0004874807817,0.01191472458,0.002804475675,0.007549280506,0.01687744702,0.02949427337,0.04345860049,0.0003469494947,0.0003711507326,0.0003562687931,0.0003116062403,0.01002348083,0.002049634447,0.005053897865,0.01041467012,0.01669619054,0.0227332693,0.01035180763,0.007470689973,0.004837808046,0.002942297955,0.02160055673,0.002760920748,0.00454935576,0.006447906502,0.007227413117,0.007003843435,0.01644472608,0.01196629473,0.007813329583,0.004788358423,0.0260707671,0.003883691022,0.007040549716,0.01090384042,0.01342480301,0.01417688779,0.0002519615103,0.0001904487559,0.0001291711347,8.198922839e-05,0.002775209715,0.0001902745667,0.0005352147647,0.001246404237,0.002135652176,0.003015932178,0.0001586075118,0.0001188992619,7.997936707e-05,5.037984163e-05,0.002299359841,0.0001352664247,0.0003458369689,0.0007370520544,0.00114975546,0.001489968538,3.739637109e-07,6.953549041e-07,9.785857249e-07,1.04759534e-06,0.003050332026,0.0001010794278,0.0006813149491,0.00296999885,0.007423809862,0.01314764662,7.494738278e-10,2.694356244e-09,6.658195467e-09,1.100374386e-08,0.001318008233,1.535784016e-05,0.0001973633968,0.001409172403,0.004825161477,0.01073498794,5.029308471e-09,2.33111344e-08,7.739800617e-08,1.742636948e-07,0.003950878105,0.0002422786443,0.002037412247,0.01026795834,0.02884548861,0.05685151333,3.831210068e-09,2.207766302e-08,9.113421678e-08,2.508687759e-07,0.005422629127,0.0005080388911,0.003814536875,0.01730388902,0.04493512642,0.08346135686,2.106056953e-09,1.597842556e-08,8.683785479e-08,3.081291303e-07,0.007233917972,0.00099360881,0.006465305116,0.02567795699,0.05974674363,0.1018224435,1.296730542e-10,1.630499544e-09,1.409271282e-08,7.398135552e-08,0.006964444209,0.000850697666,0.005534045665,0.02099860761,0.04430302555,0.06784150131,2.047842142e-13,7.214914364e-12,1.494323006e-10,1.529777601e-09,0.005672075599,0.0003264030118,0.002924243176,0.01255535161,0.02431248198,0.03079254326,5.44916621e-12,1.667322561e-10,2.999078244e-09,2.69548949e-08,0.0139874155,0.001846421238,0.01066213877,0.0304465887,0.04179309061,0.03813127239,7.888222101e-11,2.091246113e-09,3.259190614e-08,2.566170785e-07,0.02769863502,0.006280561003,0.02509352867,0.05090152779,0.0517553849,0.0353755641,3.163818707e-12,1.675057997e-10,4.634440473e-09,5.583168857e-08,0.03049125389,0.005401470954,0.01957423141,0.03178266612,0.02227238314,0.00965633432
55,0.02443905365,0.02509545157,0.02312325895,0.01947471724,0.09697685817,0.04271950931,0.06694977563,0.09057327857,0.1030782966,0.1038739703,0.03733557561,0.03861694713,0.0358406949,0.0303879298,0.1149680635,0.05797001443,0.09898024184,0.1449983213,0.1795199088,0.1954068664,0.0005369683477,0.0005772979923,0.0005569225532,0.0004893546865,0.01186854725,0.002782261018,0.007508746545,0.01682692011,0.02946917332,0.04352877148,0.0003514877712,0.0003751605159,0.0003593084466,0.0003136128132,0.01001125346,0.002050315609,0.005078881271,0.0105109446,0.01692086526,0.02313893263,0.01045029945,0.007530361947,0.004869073886,0.002957178547,0.02159156328,0.002764101158,0.004569586261,0.006496370284,0.007303585392,0.007103852954,0.01657318162,0.01203690725,0.007844537361,0.0047990713,0.02598451322,0.003853266705,0.006992920056,0.01084090843,0.0133579983,0.01412998615,0.0002548697906,0.0001921222439,0.0001299512125,8.227694137e-05,0.002762988556,0.0001883942794,0.0005309756214,0.001238806697,0.002125969051,0.003009293157,0.0001607093733,0.0001201928373,8.066021311e-05,5.069889375e-05,0.002295876845,0.0001351426947,0.0003469707769,0.0007423498749,0.001162389465,0.00151292265,3.842409205e-07,7.107925846e-07,9.951704128e-07,1.06029445e-06,0.003039091549,0.0001005396466,0.0006837960752,0.003005800887,0.00757578177,0.0135332859,7.773654773e-10,2.775581791e-09,6.812174873e-09,1.11873802e-08,0.001312515808,1.527664243e-05,0.0001988581387,0.001436882905,0.004979954979,0.01121512803,5.163173264e-09,2.379985494e-08,7.858563216e-08,1.760383126e-07,0.003930203352,0.0002409027186,0.002051519684,0.01046069054,0.02973494662,0.05926762214,3.85793114e-09,2.21359454e-08,9.098146137e-08,2.494529472e-07,0.005364501881,0.0005010790324,0.00381965877,0.01757237306,0.04626977246,0.08706179559,2.069621012e-09,1.565824378e-08,8.486067961e-08,3.003390023e-07,0.00710655483,0.0009700224927,0.006428689908,0.02597119444,0.06143587017,0.1062973861,1.246815473e-10,1.566260484e-09,1.352473539e-08,7.093797665e-08,0.00680893445,0.0008263873635,0.005504720963,0.0213517085,0.04602707905,0.07187805742,1.938055528e-13,6.843448897e-12,1.420569345e-10,1.457288139e-09,0.005550434175,0.0003197172162,0.002962678319,0.01312538226,0.02624639453,0.03426022724,5.194519445e-12,1.598123842e-10,2.890374271e-09,2.610938739e-08,0.01379976153,0.0018520917,0.01105035127,0.03252790988,0.04611586499,0.04338892112,7.549316382e-11,2.018972241e-09,3.174180847e-08,2.519486947e-07,0.02751980775,0.006430236354,0.02651538958,0.05538545714,0.05815877309,0.04100716365,3.043990188e-12,1.63026165e-10,4.562685951e-09,5.555402687e-08,0.03046462109,0.005673291649,0.02137104678,0.0359706369,0.0262739969,0.0118637431
56,0.0246633506,0.02529021485,0.02326999869,0.01957290223,0.09696130914,0.04281594532,0.06734435377,0.09141397486,0.1043814523,0.1055658605,0.03761918325,0.03884225232,0.03598676811,0.0304625293,0.1146455904,0.05762269674,0.09854318352,0.1445705465,0.1792229955,0.195421995,0.0005431242887,0.000582388057,0.0005603625375,0.0004911876766,0.01182130647,0.002759370511,0.007465625015,0.01676919931,0.02942921912,0.04357448809,0.0003560753742,0.0003791932293,0.0003623452785,0.0003155998072,0.009997849429,0.00205032155,0.005102003753,0.01060339883,0.0171399023,0.02353869293,0.01054956404,0.007590257698,0.004900291627,0.002971934016,0.02158081438,0.002766655501,0.004588673992,0.006543191205,0.007377986428,0.007202522949,0.0167020732,0.0121074092,0.007875451406,0.004809510121,0.02589683059,0.003822296961,0.006943846912,0.01077510712,0.01328688828,0.01407774603,0.0002577999814,0.0001937985142,0.0001307258283,8.255799732e-05,0.002750543968,0.0001864758776,0.0005265736076,0.001230717439,0.00211525886,0.003000971756,0.0001628347201,0.0001214942554,8.134069387e-05,5.101495046e-05,0.002292132956,0.0001349749949,0.0003479734863,0.0007473540109,0.001174567802,0.001535371351,3.947680657e-07,7.264764779e-07,1.0118506e-06,1.07290068e-06,0.003027295824,9.993046872e-05,0.0006856942577,0.003039015614,0.007721972774,0.01391222224,8.0620473e-10,2.858734963e-09,6.967956374e-09,1.137047456e-08,0.001306726618,1.5180865e-05,0.0002001286222,0.001463159881,0.005131633377,0.01169591302,5.299626515e-09,2.429264201e-08,7.976556879e-08,1.777616883e-07,0.003908546035,0.0002392956234,0.002063329324,0.01064307993,0.03060574155,0.06168236159,3.883555298e-09,2.2184925e-08,9.078156523e-08,2.478937536e-07,0.005304913421,0.0004935924268,0.003819412869,0.01781751992,0.04756161196,0.0906439636,2.032767399e-09,1.533461128e-08,8.286460913e-08,2.924857057e-07,0.006977689124,0.000945491856,0.006381317038,0.02621962594,0.06304533433,0.110725024,1.197844441e-10,1.503066863e-09,1.296460106e-08,6.793013434e-08,0.00665202891,0.0008010501886,0.005463158144,0.02165921002,0.04769494916,0.07594240882,1.831400958e-13,6.479826827e-12,1.347789161e-10,1.385189176e-09,0.005425846366,0.0003121254636,0.002991194521,0.01367182391,0.028223246,0.0379565267,4.942853646e-12,1.528697965e-10,2.779356275e-09,2.522844038e-08,0.01359957903,0.001851247896,0.01141106349,0.03462131616,0.05068009964,0.04915580303,7.209786989e-11,1.944697095e-09,3.083614607e-08,2.466960586e-07,0.02730970389,0.006559157419,0.0279116547,0.0600307258,0.06508274322,0.04732247524,2.92091894e-12,1.582049897e-10,4.477855238e-09,5.509037535e-08,0.03039646323,0.005931260336,0.02322230121,0.04051328736,0.03083283742,0.01449341631
57,0.02488914779,0.02548547091,0.0234163228,0.01967013232,0.09693773885,0.04290283246,0.06772303389,0.0922341055,0.105664092,0.1072438276,0.03790349149,0.03906699199,0.03613134492,0.03053526877,0.1143163819,0.05726593448,0.09808364035,0.1441017873,0.1788656321,0.1953625839,0.0005493219291,0.0005874826507,0.0005637759593,0.0004929783901,0.01177305412,0.0027358405,0.007419994457,0.01670440123,0.0293744982,0.04359563867,0.0003607096377,0.0003832460919,0.000365376929,0.0003175655743,0.009983286966,0.002049653213,0.005123224773,0.01069185562,0.01735285669,0.02393172256,0.01064954014,0.007650336683,0.004931438704,0.002986553352,0.02156832673,0.002768581158,0.004606591836,0.006588297261,0.007450495014,0.007299690523,0.01683130985,0.01217774943,0.007906049879,0.004819668808,0.02580780459,0.003790820913,0.006893399506,0.01070653785,0.01321159179,0.01402026103,0.0002607501142,0.0001954763213,0.000131494384,8.283219837e-05,0.002737889225,0.0001845222721,0.0005220164031,0.001222152155,0.002103544394,0.002990986821,0.0001649823355,0.0001228026311,8.202028885e-05,5.132775499e-05,0.002288133001,0.0001347636561,0.0003488433391,0.0007520546612,0.001186264855,0.001557266166,4.055430723e-07,7.42397589e-07,1.028611586e-06,1.085400317e-06,0.0030149621,9.925372647e-05,0.000687003981,0.003069527496,0.007861833859,0.01428301301,8.360002481e-10,2.943787935e-09,7.125405982e-09,1.155280125e-08,0.001300650019,1.507087916e-05,0.000201169843,0.001487888939,0.005279515014,0.01217528814,5.438596106e-09,2.47890222e-08,8.093627555e-08,1.794312202e-07,0.003885942295,0.0002374636249,0.002072795785,0.01081435238,0.03145409214,0.06408571605,3.908054194e-09,2.222458851e-08,9.053533441e-08,2.461960701e-07,0.005243975221,0.000485612201,0.003813811722,0.01803812222,0.04880412856,0.09419079782,1.995578046e-09,1.500831901e-08,8.085495087e-08,2.845916156e-07,0.00684758744,0.0009201383328,0.006323488964,0.02642185183,0.06456561081,0.1150808226,1.149900688e-10,1.441052369e-09,1.241372647e-08,6.496657873e-08,0.006494111026,0.0007748464415,0.005409700562,0.02191890852,0.04929495498,0.08001033617,1.728103177e-13,6.125156111e-12,1.276272033e-10,1.313829087e-09,0.005298730039,0.0003037066506,0.003009500696,0.0141893813,0.03022893884,0.04187041577,4.695106859e-12,1.459385745e-10,2.666694811e-09,2.431825657e-08,0.01338765521,0.00184390982,0.01174051838,0.03671002077,0.05546768568,0.05544144386,6.871309814e-11,1.868888639e-09,2.988174222e-08,2.409041968e-07,0.02706924039,0.006665876761,0.02926917729,0.06480994918,0.07252290726,0.05436074042,2.795473388e-12,1.530841075e-10,4.380806306e-09,5.444607406e-08,0.03028715665,0.006172146534,0.02511308615,0.04540510156,0.0359900786,0.01760360832
58,0.02511630129,0.02568108518,0.02356212503,0.01976633564,0.09690621419,0.04298008693,0.06808531898,0.09303249359,0.1069242679,0.1089052828,0.03818829833,0.03929100346,0.03627432435,0.03060610623,0.1139807795,0.05690021292,0.09760232722,0.1435928696,0.1784485494,0.1952288873,0.0005555570236,0.0005925779609,0.0005671601981,0.000494725592,0.01172384467,0.002711709197,0.007371941945,0.0166326688,0.02930515688,0.04359221448,0.0003653877811,0.0003873162748,0.0003684010589,0.000319508533,0.009967587584,0.0020483139,0.005142510769,0.01077615245,0.01755930466,0.02431721306,0.01075016479,0.007710557987,0.004962492816,0.003001025965,0.02155412182,0.002769877527,0.004623316563,0.006631622157,0.007520996081,0.007395197062,0.01696079982,0.01224787735,0.007936311882,0.004829542091,0.02571752387,0.003758878945,0.006841651031,0.01063531071,0.01313224177,0.01395764347,0.000263718169,0.0001971544174,0.0001322563005,8.309936723e-05,0.002725038115,0.0001825364646,0.0005173121815,0.001213128234,0.002090852329,0.002979364073,0.0001671509483,0.0001241170633,8.26984815e-05,5.163706084e-05,0.00228388253,0.0001345091605,0.000349579066,0.0007564431636,0.001197456797,0.001578560485,4.165632885e-07,7.585462737e-07,1.045438425e-06,1.097780007e-06,0.003002109192,9.851155135e-05,0.0006877227304,0.003097235088,0.00799484618,0.01464423658,8.667588414e-10,3.030707837e-09,7.284384172e-09,1.173413701e-08,0.001294296235,1.494713017e-05,0.0002019781701,0.001510964401,0.005422929507,0.01265113792,5.580002736e-09,2.528850931e-08,8.209624205e-08,1.810445105e-07,0.003862431183,0.0002354141634,0.002079887669,0.01097379646,0.03227629048,0.06646742999,3.93140388e-09,2.225495984e-08,9.024376341e-08,2.443653309e-07,0.005181802406,0.0004771739935,0.003802903958,0.01823313896,0.04999105404,0.09768497721,1.958134473e-09,1.46801506e-08,7.883693629e-08,2.766786704e-07,0.006716516568,0.0008940859411,0.006255584854,0.02657684033,0.06598776852,0.1193401177,1.103058883e-10,1.380338563e-09,1.187341163e-08,6.205538845e-08,0.00633556007,0.0007479387085,0.00534479813,0.02212904834,0.0508158008,0.08405649021,1.628351298e-13,5.780416261e-12,1.206281649e-10,1.243531575e-09,0.005169507415,0.0002945477216,0.003017437593,0.01467297526,0.03224806546,0.0459865291,4.452140673e-12,1.390511667e-10,2.55304808e-09,2.338509651e-08,0.01316483344,0.001830182398,0.01203528895,0.03877639148,0.06045567441,0.06224845475,6.535476422e-11,1.792011321e-09,2.888569646e-08,2.346227705e-07,0.0267995116,0.006749231454,0.03057477293,0.06969182321,0.08046666306,0.06215521334,2.668509932e-12,1.477073352e-10,4.272523927e-09,5.362868785e-08,0.03013735095,0.006392882054,0.02702668443,0.05063391874,0.04178248341,0.02125511747
59,0.02534466363,0.02587692228,0.02370730073,0.01986144332,0.09686682386,0.04304765577,0.06843076605,0.09380803324,0.1081601015,0.110547678,0.03847340033,0.0395141261,0.03641560998,0.03067500501,0.1136391408,0.05652604152,0.09710002492,0.1430447501,0.1779726842,0.195021428,0.0005618252224,0.0005976701736,0.0005705127196,0.0004964281755,0.01167373499,0.002687016491,0.007321562582,0.01655417035,0.02922139918,0.04356430936,0.0003701069091,0.0003914009029,0.0003714153525,0.0003214271706,0.009950775974,0.002046309238,0.0051598353,0.0108561423,0.01775884607,0.02469437995,0.01085137335,0.007770880349,0.00499343195,0.003015341696,0.0215382258,0.002770546018,0.004638828908,0.006673105595,0.007589381244,0.007488888999,0.01709045063,0.01231774296,0.007966217473,0.004839125499,0.02562608007,0.003726512548,0.006788678322,0.01056154393,0.01304898452,0.01389002371,0.0002667020758,0.0001988315547,0.0001330110184,8.335934722e-05,0.0027120049,0.0001805215336,0.0005124695654,0.001203664653,0.002077213046,0.002966135917,0.0001693392328,0.0001254366345,8.337475986e-05,5.194263209e-05,0.002279387785,0.0001342121379,0.0003501798909,0.0007605120408,0.001208121728,0.001599209844,4.278254598e-07,7.749122384e-07,1.062315962e-06,1.110026803e-06,0.002988757395,9.770635602e-05,0.0006878509994,0.003122051905,0.008120525956,0.01499450611,8.98485315e-10,3.11945662e-09,7.444746191e-09,1.191426184e-08,0.001287676306,1.48101328e-05,0.0002025513765,0.001532290407,0.005561225086,0.01312130842,5.723759869e-09,2.579060572e-08,8.324399401e-08,1.825993751e-07,0.003838054444,0.0002331557772,0.002084587816,0.0111207707,0.03306874167,0.06881711378,3.95358486e-09,2.227609951e-08,8.990802624e-08,2.424074837e-07,0.0051185131,0.0004683155688,0.003786773502,0.01840170725,0.05111644356,0.1011091235,1.920517298e-09,1.43508773e-08,7.681568539e-08,2.687682171e-07,0.00658474194,0.0008674598733,0.006178055053,0.02668393951,0.06730359154,0.1234784394,1.057384998e-10,1.321034498e-09,1.134483417e-08,5.920392735e-08,0.006176748681,0.0007204896594,0.005268999334,0.02228834784,0.05224675336,0.08805474333,1.532299111e-13,5.446455111e-12,1.138054093e-10,1.174592822e-09,0.005038601453,0.0002847418544,0.003014980517,0.01511784644,0.03426414674,0.05028510906,4.214734487e-12,1.322380657e-10,2.439053648e-09,2.243518666e-08,0.01293200478,0.001810252657,0.01229235151,0.04080225926,0.06561636327,0.06957168465,6.203778039e-11,1.714519876e-09,2.785527144e-08,2.2790518e-07,0.02650177702,0.006808368731,0.03181548367,0.07464149585,0.08889262764,0.07073158637,2.540860627e-12,1.421196915e-10,4.154099258e-09,5.264782882e-08,0.02994796015,0.006590638586,0.02894484556,0.05618051187,0.0482407632,0.02551008193
60,0.02557408391,0.02607284604,0.0238517469,0.01995538953,0.09681967794,0.04310551692,0.06875898778,0.09455969428,0.1093697924,0.1121685169,0.03875859281,0.03973620146,0.03655510992,0.03074193376,0.1132918379,0.05614395189,0.09657757641,0.142458511,0.1774391735,0.1947409935,0.0005681220743,0.000602755478,0.0005738310783,0.0004980851617,0.01162278416,0.002661803752,0.007268958952,0.0164690985,0.02912348531,0.04351211866,0.0003748640119,0.0003954970582,0.0003744175211,0.0003233200454,0.009932879898,0.002043647139,0.005175179149,0.01093169448,0.01795110673,0.02506246748,0.01095309954,0.007831262198,0.005024234398,0.003029490824,0.02152066943,0.002770590028,0.004653113632,0.006712693525,0.007655549312,0.007580618574,0.01722016914,0.01238729692,0.007995747668,0.004848415354,0.0255335676,0.003693764162,0.006734561514,0.01048536336,0.01296197891,0.0138175494,0.0002696997161,0.0002005064861,0.0001337579982,8.361200222e-05,0.002698804268,0.0001784806201,0.0005074975809,0.001193781863,0.002062660429,0.002951341203,0.0001715458084,0.0001267604123,8.404861728e-05,5.224424375e-05,0.002274655678,0.0001338733618,0.000350645533,0.0007642550385,0.001218239803,0.001619172206,4.39325705e-07,7.914845419e-07,1.079228867e-06,1.122128199e-06,0.002974928385,9.684081415e-05,0.0006873922674,0.003143907144,0.00823842902,0.01533248311,9.311823151e-10,3.209990936e-09,7.606342398e-09,1.209295983e-08,0.001280802036,1.466046612e-05,0.0002028886536,0.001551781907,0.005693775849,0.01358363079,5.869773725e-09,2.629480373e-08,8.437809914e-08,1.84093853e-07,0.003812856313,0.0002306980173,0.002086893387,0.01125471011,0.03382800272,0.07112435493,3.974582111e-09,2.228810367e-08,8.952946623e-08,2.403289413e-07,0.005054227785,0.0004590764166,0.003765538336,0.01854315163,0.0521747473,0.1044460091,1.882805771e-09,1.402125335e-08,7.479617391e-08,2.608808694e-07,0.006452526139,0.0008403851275,0.00609141462,0.02674288324,0.06850568963,0.1274718413,1.012936286e-10,1.263236498e-09,1.082904552e-08,5.641881343e-08,0.006018040548,0.0006926599427,0.005182941675,0.02239601653,0.05357781169,0.09197857155,1.44006588e-13,5.123987874e-12,1.071796719e-10,1.107279316e-09,0.004906432375,0.0002743865684,0.003002238722,0.01551965334,0.0362599129,0.05474207645,3.983581436e-12,1.255275365e-10,2.325320978e-09,2.147463255e-08,0.01269009917,0.001784384899,0.01250914977,0.04276925533,0.07091752269,0.07739751299,5.87759216e-11,1.636853625e-09,2.679778132e-08,2.208076227e-07,0.02617744729,0.006842763751,0.03297884587,0.07962106029,0.09777027007,0.08010644355,2.413322008e-12,1.363666234e-10,4.026707663e-09,5.151493363e-08,0.02972015056,0.00676290007,0.03084812848,0.06201835408,0.05538790655,0.03043049426
61,0.02580440787,0.02626871966,0.02399536228,0.02004811157,0.0967649073,0.04315367906,0.06906965378,0.09528652652,0.110551626,0.1137653675,0.03904367004,0.03995707343,0.03669273693,0.03080686637,0.1129392571,0.05575449563,0.09603588285,0.1418353543,0.176849348,0.19438863,0.0005744430305,0.0006078300715,0.0005771129207,0.0004996956997,0.01157105328,0.002636113635,0.007214240546,0.01637766891,0.02901172974,0.04343593746,0.0003796559657,0.0003996017821,0.0003774053061,0.0003251857887,0.009913930072,0.002040337743,0.005188530391,0.01100269528,0.01813574057,0.0254207532,0.01105527548,0.007891661678,0.005054878782,0.003043464077,0.02150148789,0.002770014916,0.004666159571,0.006750338368,0.007719406758,0.007670244557,0.01734986169,0.01245649057,0.008024884456,0.004857408749,0.02544008336,0.003660677018,0.006679383701,0.0104069018,0.01287139553,0.01374038459,0.0002727089246,0.0002021779673,0.0001344967216,8.385721647e-05,0.002685451295,0.0001764169141,0.0005024056092,0.001183501667,0.002047231638,0.002935024932,0.0001737692404,0.0001280874502,8.471955302e-05,5.254168202e-05,0.002269693761,0.0001334937448,0.0003509762048,0.000767667156,0.001227793342,0.001638408216,4.510594932e-07,8.082515994e-07,1.096161668e-06,1.13407217e-06,0.002960645131,9.591783848e-05,0.0006863529508,0.003162746241,0.008348154959,0.01565689065,9.648501755e-10,3.302262039e-09,7.769018625e-09,1.227001997e-08,0.001273685933,1.449876781e-05,0.0002029906097,0.00156936553,0.005819988779,0.0140359458,6.017943283e-09,2.680058703e-08,8.549717271e-08,1.855262136e-07,0.003786883282,0.0002280513527,0.002086815792,0.01137513176,0.03455082014,0.07337883285,3.994385071e-09,2.229110308e-08,8.910958491e-08,2.38136531e-07,0.004989068655,0.0004494973441,0.003739348845,0.0186569907,0.0531608772,0.1076787674,1.845077353e-09,1.369201158e-08,7.278320361e-08,2.530363818e-07,0.006320127486,0.0008129851998,0.005996236062,0.02675379123,0.06958759602,0.131297228,9.697613532e-11,1.207028101e-09,1.032696887e-08,5.370589964e-08,0.005859788289,0.0006646062223,0.00508734076,0.02245176305,0.0547998649,0.09580145769,1.351737575e-13,4.813598325e-12,1.00768758e-10,1.041826361e-09,0.004773414348,0.0002635818166,0.002979451559,0.01587456152,0.03821761927,0.05932923226,3.759285944e-12,1.189453998e-10,2.2124249e-09,2.050933892e-08,0.01244007649,0.001752914087,0.01268364768,0.04465916696,0.07632276617,0.08570332411,5.558171947e-11,1.559431353e-09,2.572048435e-08,2.133881319e-07,0.0258280686,0.006852228913,0.03405315283,0.08459016049,0.107059776,0.09028580582,2.286645276e-12,1.304932616e-10,3.891585486e-09,5.024300365e-08,0.02945532551,0.006907526904,0.03271630202,0.06811360107,0.06323754724,0.03607645259
62,0.02603547792,0.0264644058,0.02413804752,0.0201395499,0.09670266303,0.04319218132,0.06936249173,0.0959876637,0.1117039819,0.1153358734,0.03932842543,0.04017658841,0.03682840838,0.03086978187,0.1125817974,0.05535824217,0.09547589948,0.1411765954,0.1762047241,0.1939656357,0.0005807834491,0.0006128901641,0.0005803559875,0.0005012590652,0.01151860528,0.002609989883,0.007157523162,0.01628011894,0.02888649899,0.04333615811,0.0003844795336,0.0004037120785,0.0003803764817,0.0003270231063,0.009893960039,0.002036393351,0.005199884408,0.0110690485,0.01831243163,0.02576855241,0.01115783166,0.007952036682,0.005085344069,0.003057252633,0.02148072063,0.002768827966,0.004677959659,0.006785999212,0.007780868154,0.007757632946,0.01747943414,0.01252527601,0.008053610799,0.004866103543,0.02534572654,0.003627294984,0.00662323058,0.01032629842,0.01277741581,0.0136587088,0.0002757274915,0.0002038447577,0.0001352266913,8.409489446e-05,0.002671961395,0.0001743336407,0.0004972033389,0.001172847095,0.00203096687,0.00291723794,0.0001760080395,0.0001294167881,8.538707293e-05,5.283474453e-05,0.0022645102,0.0001330743328,0.0003511726089,0.0007707446692,0.001236766939,0.001656881443,4.630216229e-07,8.25201189e-07,1.113098789e-06,1.145847206e-06,0.002945931789,9.494055743e-05,0.0006847423264,0.003178531258,0.008449350796,0.01596652609,9.994867649e-10,3.396215703e-09,7.93261656e-09,1.244523692e-08,0.001266341148,1.432572801e-05,0.0002028592517,0.001584980303,0.005939310414,0.01447612885,6.168160323e-09,2.730743219e-08,8.659988289e-08,1.868949628e-07,0.00376018388,0.0002252270687,0.002084380447,0.01148163939,0.03523416536,0.07557043496,4.012987607e-09,2.228526165e-08,8.865002998e-08,2.35837442e-07,0.00492315899,0.0004396200654,0.003708385775,0.01874294116,0.05407026727,0.1107911022,1.807407318e-09,1.336385955e-08,7.078137576e-08,2.452535383e-07,0.006187798719,0.0007853808619,0.005893141443,0.02671716299,0.07054385018,0.1349326734,9.279003169e-11,1.152480157e-09,9.839398914e-09,5.107026599e-08,0.005702331525,0.0006364793894,0.004982978375,0.02245579377,0.05590483412,0.09949730568,1.267368477e-13,4.515741914e-12,9.458753826e-11,9.784372435e-10,0.004639952396,0.000252428117,0.002946981548,0.01617932091,0.04011938792,0.06401459235,3.542362841e-12,1.125148705e-10,2.100900106e-09,1.954493831e-08,0.0121829176,0.001716237693,0.01281436929,0.04645430056,0.08179205999,0.094457201,5.246638437e-11,1.482646873e-09,2.463048211e-08,2.057056212e-07,0.02545530605,0.006836914473,0.03502770332,0.08950669418,0.1167121688,0.1012638356,2.161528018e-12,1.245437228e-10,3.750006482e-09,4.884631722e-08,0.02915510749,0.007022809419,0.03452879034,0.07442530955,0.07179244814,0.04250418493
63,0.0262671333,0.02665976671,0.02427970518,0.02022964818,0.09663311581,0.04322109289,0.06963728811,0.09666232693,0.112825341,0.116877765,0.03961265178,0.04039459544,0.03696204634,0.03093066436,0.1122198693,0.05495577659,0.09489863134,0.1404836567,0.1755069953,0.1934735522,0.000587138599,0.0006179319831,0.0005835581162,0.0005027746602,0.01146550475,0.00258347713,0.007098928273,0.01617670619,0.02874820903,0.04321326704,0.0003893313664,0.0004078249165,0.0003833288581,0.0003288307802,0.009873006044,0.002031828353,0.005209243869,0.01113067597,0.01848089578,0.0261052222,0.01126069705,0.008012344888,0.005115609591,0.003070848131,0.02145841127,0.002767038344,0.004688510928,0.006819641958,0.007839856554,0.007842657624,0.017608792,0.01259360608,0.008081910636,0.004874498337,0.02525059833,0.00359366241,0.0065661901,0.01024369806,0.01268023105,0.01357271597,0.0002787531642,0.0002055056224,0.000135947432,8.432496059e-05,0.002658350281,0.0001722340462,0.0004919007171,0.001161842268,0.002013909099,0.002898036528,0.0001782606629,0.0001307474533,8.605069001e-05,5.312324053e-05,0.00225911374,0.0001326162994,0.0003512359302,0.0007734851447,0.001245147536,0.001674558601,4.752062019e-07,8.423204601e-07,1.130024587e-06,1.157442338e-06,0.002930813602,9.391229051e-05,0.0006825724299,0.003191241102,0.008541714124,0.01626027293,1.035087336e-09,3.491792155e-09,8.096974157e-09,1.261841176e-08,0.001258781419,1.414208277e-05,0.000202497952,0.001598578212,0.006051233023,0.01490211505,6.320309491e-09,2.781481022e-08,8.76849558e-08,1.881988475e-07,0.003732808439,0.0002222371605,0.002079626386,0.01157392687,0.03587526747,0.07768937212,4.030387951e-09,2.227077502e-08,8.815258252e-08,2.334391715e-07,0.004856622542,0.0004294867977,0.003672857856,0.01880091907,0.05489892652,0.1137674916,1.769868398e-09,1.303747608e-08,6.879506811e-08,2.37550058e-07,0.006055785785,0.00075768904,0.005782794034,0.02663386616,0.07137006411,0.1383577229,8.873850455e-11,1.099651058e-09,9.367003143e-09,4.85162224e-08,0.005545995167,0.0006084229787,0.00487068982,0.02240880236,0.05688579469,0.1030408552,1.186983098e-13,4.230750593e-12,8.86479936e-11,9.172830264e-10,0.004506439545,0.0002410247775,0.002905304654,0.01643132889,0.04194756409,0.06876285152,3.333237936e-12,1.062564509e-10,1.991236723e-09,1.85867292e-08,0.01191961542,0.001674806309,0.01290042426,0.04813784042,0.0872823626,0.1036178689,4.943975531e-11,1.406865309e-09,2.353462736e-08,1.978189597e-07,0.02506092602,0.006797300556,0.03589302749,0.09432759369,0.126669703,0.1130217682,2.038607545e-12,1.185604746e-10,3.603258601e-09,4.734012363e-08,0.02882131775,0.007107508519,0.03626514764,0.08090590181,0.0810431813,0.04976390205
64,0.02649921009,0.02685466432,0.02442023986,0.0203183533,0.09655645516,0.04324051249,0.0698938887,0.09730982769,0.1139142922,0.1183888703,0.03989614145,0.04061094631,0.03709357755,0.03098950291,0.1118538941,0.05454769745,0.0943051288,0.1397580603,0.174758023,0.1929141554,0.000593503665,0.0006229517779,0.0005867172428,0.000504242011,0.01141181773,0.0025566207,0.007038582397,0.01606770693,0.02859732248,0.04306784101,0.0003942080046,0.0004119372337,0.0003862602839,0.0003306076692,0.00985110689,0.002026659135,0.005216618661,0.01118751784,0.01864088237,0.02643016545,0.01136379908,0.008072543786,0.005145655058,0.003084242667,0.02143460738,0.00276465704,0.004697814495,0.006851239448,0.00789630384,0.007925200972,0.01773784051,0.0126614345,0.008109768878,0.004882592456,0.02515480171,0.00355982398,0.006508352105,0.01015925062,0.01258004149,0.0134826134,0.0002817836499,0.0002071593336,0.0001366584901,8.454735887e-05,0.002644633917,0.0001701213856,0.0004865079006,0.001150512266,0.001996103809,0.002877482076,0.0001805255144,0.0001320784617,8.670992496e-05,5.340699106e-05,0.002253513677,0.0001321209389,0.0003511678272,0.000775887446,0.001252924499,0.00169140975,4.876066288e-07,8.595959445e-07,1.146923385e-06,1.168847175e-06,0.002915316795,9.283652281e-05,0.0006798579296,0.003200871569,0.008624995692,0.01653711178,1.071644377e-09,3.588926031e-09,8.261926054e-09,1.278935268e-08,0.001251021004,1.394860728e-05,0.0002019113995,0.001610124606,0.006155300192,0.01531192374,6.474268395e-09,2.832218811e-08,8.875118016e-08,1.894368588e-07,0.003704808856,0.0002190942219,0.002072605727,0.01165178067,0.03647164273,0.07972629102,4.046588614e-09,2.22478688e-08,8.761914368e-08,2.309494712e-07,0.004789582942,0.0004191398684,0.003632999122,0.01883103837,0.05564348335,0.1165933812,1.732530474e-09,1.271350819e-08,6.68284152e-08,2.299425179e-07,0.005924326726,0.0007300218096,0.005665889675,0.0265051194,0.07206297056,0.1415536719,8.48239464e-11,1.048587099e-09,8.910324586e-09,4.60473213e-08,0.005391087928,0.000580571811,0.004751350833,0.02231195063,0.0577370758,0.1064080861,1.11057836e-13,3.958839103e-12,8.295930275e-11,8.585029186e-10,0.004373254249,0.0002294682587,0.002854998179,0.01662867699,0.04368507608,0.07353596724,3.132249906e-12,1.001878772e-10,1.883876991e-09,1.763962466e-08,0.01165116627,0.001629113358,0.01294151859,0.04969419139,0.09274837785,0.113134911,4.651027673e-11,1.332420156e-09,2.243944242e-08,1.897860987e-07,0.02464677793,0.006734181008,0.03664108255,0.09900966132,0.1368665343,0.1255271332,1.918455913e-12,1.125837765e-10,3.45262175e-09,4.574032904e-08,0.0284559541,0.007160881963,0.03790554444,0.08750187465,0.09096708342,0.05789755289
65,0.02673154138,0.02704896037,0.02455955828,0.02040561538,0.09647288879,0.0432505677,0.07013219879,0.09792957041,0.1149695383,0.1198671254,0.04017868659,0.04082549573,0.03722293342,0.03104629143,0.1114843026,0.05413461461,0.09369648311,0.1390014208,0.1739598261,0.1922894442,0.0005998737528,0.0006279458241,0.000589831403,0.000505660766,0.01135761154,0.002529466423,0.006976616438,0.01595341449,0.02843434551,0.04290054274,0.0003991058794,0.0004160459392,0.0003891686491,0.0003323527105,0.009828303796,0.002020903992,0.005222025786,0.0112395328,0.01879217546,0.02674283426,0.01146706372,0.008132590716,0.005175460575,0.003097428803,0.02140936034,0.002761696819,0.00470587553,0.006880771541,0.007950151006,0.008005154434,0.01786648476,0.0127287158,0.008137171408,0.004890385931,0.02505844118,0.003525824561,0.006449807985,0.01007311036,0.01247705531,0.0133886206,0.0002848166179,0.0002088046717,0.0001373594347,8.476205254e-05,0.002630828479,0.0001679989093,0.0004810352075,0.001138882988,0.001977598714,0.002855640619,0.0001828009454,0.0001334088184,8.736430676e-05,5.368582902e-05,0.00224771982,0.0001315896595,0.0003509704191,0.0007779517321,0.001260089662,0.001707408466,5.002155772e-07,8.77013569e-07,1.16377951e-06,1.180051924e-06,0.002899468471,9.171687896e-05,0.0006766159797,0.003207435213,0.00869900136,0.01679613013,1.109147469e-09,3.68754635e-09,8.427304015e-09,1.295787566e-08,0.001243074623,1.374610891e-05,0.000201105538,0.001619598427,0.006251111721,0.01570368209,6.629907727e-09,2.882903039e-08,8.979741157e-08,1.906082332e-07,0.003676238367,0.0002158113323,0.002063382994,0.01171508104,0.03702112015,0.08167238157,4.061596269e-09,2.221679671e-08,8.70517209e-08,2.283762924e-07,0.004722163135,0.0004086213386,0.003589066007,0.01883360676,0.05630122065,0.1192553642,1.695460299e-09,1.239256856e-08,6.488529244e-08,2.224462911e-07,0.005793650699,0.0007024855175,0.005543148032,0.02633247049,0.07262045265,0.1445038152,8.104799216e-11,9.993229396e-10,8.469785888e-09,4.366637899e-08,0.005237901073,0.0005530508741,0.004625864431,0.02216684148,0.0584543353,0.109576601,1.038125947e-13,3.700112465e-12,7.752796787e-11,8.022051634e-10,0.004240758109,0.0002178507144,0.002796726703,0.01677018017,0.04531578659,0.07829384772,2.939653376e-12,9.432411483e-11,1.779213027e-09,1.670811183e-08,0.01137856164,0.001579684263,0.01293795026,0.05110929402,0.09814340062,0.1229492659,4.368500023e-11,1.259611107e-09,2.135104904e-08,1.816632697e-07,0.0242147757,0.006648639829,0.03726541173,0.1035104324,0.1472296582,0.1387333223,1.801576601e-12,1.066512059e-10,3.299347117e-09,4.40631839e-08,0.02806116707,0.007182695484,0.03943124682,0.09415473949,0.1015275595,0.06693657266
66,0.02696395732,0.02724251654,0.02469756931,0.02049138782,0.09638264174,0.0432514142,0.07035218307,0.09852105448,0.1159899025,0.1213105838,0.04046007936,0.0410381014,0.03735005002,0.03110102855,0.1111115341,0.0537171471,0.09307382186,0.1382154374,0.1731145709,0.1916016291,0.000606243894,0.0006329104283,0.0005928987341,0.000507030694,0.01130295455,0.002502060437,0.006913165038,0.01583413756,0.02825982452,0.04271211607,0.0004040213154,0.0004201479167,0.0003920518868,0.0003340649193,0.009804640252,0.002014583018,0.005225489215,0.0112866982,0.01893459501,0.0270427332,0.01157041548,0.008192442897,0.005205006657,0.003110399558,0.02138272515,0.002758172145,0.004712703196,0.006908225161,0.0080013484,0.008082419027,0.01799462975,0.01279540543,0.008164105071,0.004897879473,0.02496162253,0.003491709067,0.00639065033,0.009985435254,0.01237148763,0.01329096815,0.0002878497017,0.0002104404268,0.0001380498572,8.496902362e-05,0.00261695031,0.0001658698514,0.0004754930702,0.001126981019,0.001958443468,0.002832582403,0.0001850852555,0.0001347375188,8.801337314e-05,5.395959923e-05,0.002241742464,0.0001310239756,0.0003506462716,0.0007796794466,0.001266637367,0.001722531996,5.130249805e-07,8.945586703e-07,1.18057733e-06,1.191047411e-06,0.002883296509,9.055709689e-05,0.0006728660535,0.003210961054,0.008763593444,0.01703653083,1.147583146e-09,3.787576513e-09,8.592937371e-09,1.312380504e-08,0.001234957394,1.353542018e-05,0.000200087491,0.001626992271,0.006338327726,0.01607564729,6.787091413e-09,2.933480076e-08,9.082257635e-08,1.917124533e-07,0.003647151308,0.0002124019434,0.002052034326,0.01176380212,0.03752186292,0.08351947713,4.075421623e-09,2.217783865e-08,8.645241392e-08,2.257277335e-07,0.004654484844,0.0003979726494,0.003541334251,0.01880911909,0.0568701011,0.1217413439,1.65872127e-09,1.207523347e-08,6.296930345e-08,2.150755024e-07,0.005663977101,0.0006751800385,0.005415303914,0.02611777004,0.07304155442,0.1471936618,7.741156072e-11,9.51882168e-10,8.045694479e-09,4.137550472e-08,0.005086707387,0.0005259744492,0.004495147937,0.02197548463,0.05903460812,0.1125259776,9.695748008e-14,3.454574415e-12,7.235797134e-11,7.484683733e-10,0.004109293907,0.0002062587358,0.002731226598,0.01685538781,0.04682482357,0.08299512389,2.755622986e-12,8.867740004e-11,1.677585646e-09,1.579622233e-08,0.01110278023,0.001527065432,0.01289059045,0.05237090195,0.1034202287,0.1329940085,4.096960936e-11,1.188702653e-09,2.027511089e-08,1.735042689e-07,0.02376687928,0.006542021187,0.03776126158,0.1077890379,0.1576800991,0.1525795474,1.688402791e-12,1.007972756e-10,3.144638501e-09,4.232498111e-08,0.02763923506,0.0071732186,0.04082506996,0.1008021679,0.112673796,0.07689972607
67,0.02719628529,0.0274351945,0.02483418409,0.02057562725,0.09628595562,0.04324323487,0.07055386529,0.09908387576,0.116974332,0.1227174257,0.04074011213,0.04124862415,0.03747486802,0.03115371745,0.1107360352,0.053295921,0.09243830434,0.1374018864,0.1722245591,0.1908531194,0.0006126090516,0.0006378419319,0.0005959174749,0.000508351681,0.01124791607,0.002474449014,0.006848365922,0.01571019844,0.02807434266,0.04250338063,0.0004089505324,0.0004242400279,0.0003949079758,0.0003357433896,0.009780161864,0.002007718,0.005227039701,0.01132901004,0.01906799759,0.02732942208,0.01167377751,0.008252057463,0.005234274236,0.003123148415,0.02135476023,0.002754099116,0.004718310581,0.006933594304,0.008049855906,0.008156905792,0.01812218052,0.01286145977,0.008190557664,0.004905074451,0.02486445262,0.003457522318,0.006330972584,0.009896386302,0.01226355947,0.01318989647,0.0002908805024,0.0002120654004,0.0001387293718,8.516827238e-05,0.00260301588,0.0001637374178,0.0004698919884,0.001114833486,0.001938689379,0.002808381428,0.0001873766937,0.0001360635497,8.865667103e-05,5.422815851e-05,0.002235592347,0.0001304255002,0.0003501983797,0.0007810733005,0.001272564477,0.001736761375,5.260260201e-07,9.122160127e-07,1.197301285e-06,1.201825105e-06,0.002866829453,8.936100153e-05,0.0006686297603,0.003211494121,0.008818691406,0.01725763919,1.18693476e-09,3.888934313e-09,8.758653485e-09,1.328697412e-08,0.001226684768,1.331739183e-05,0.0001988654758,0.001632312284,0.006416671908,0.01642622689,6.94567679e-09,2.983896359e-08,9.1825675e-08,1.927492454e-07,0.003617602887,0.0002088797658,0.002038646583,0.01179801096,0.03797238526,0.08526014575,4.088079258e-09,2.21312986e-08,8.582340063e-08,2.230119873e-07,0.004586668065,0.0003872342939,0.003490095686,0.01875824839,0.05734878224,0.1240406749,1.622373238e-09,1.176204109e-08,6.108377108e-08,2.078429996e-07,0.005535514828,0.0006481981696,0.005283098808,0.0258631416,0.07332647257,0.1496111095,7.391490069e-11,9.06277937e-10,7.63824871e-09,3.917613628e-08,0.004937760383,0.0004994454827,0.004360120498,0.02174025648,0.0594763276,0.1152380804,9.048536717e-14,3.222136529e-12,6.745095785e-11,6.973432404e-10,0.003979183954,0.0001947723212,0.002659289644,0.01688457671,0.0481988798,0.0875979805,2.580258313e-12,8.325732116e-11,1.579284154e-09,1.490751342e-08,0.01082478072,0.001471813389,0.01280085134,0.0534688128,0.1085321116,0.143195397,3.836846468e-11,1.119923404e-09,1.92167888e-08,1.653598397e-07,0.02330507627,0.00641589423,0.03812565437,0.111807038,0.1681343176,0.1669912188,1.579297156e-12,9.505314411e-11,2.989636044e-09,4.054177289e-08,0.02719253884,0.007133205708,0.04207178835,0.1073793059,0.1243409293,0.08779115525
68,0.02742834999,0.02762685609,0.02496931602,0.02065829351,0.09618308775,0.04322623886,0.07073732759,0.09961772767,0.117921903,0.1240859661,0.04101857768,0.04145692801,0.03759733269,0.03120436577,0.1103582589,0.05287156741,0.09179111704,0.1365626126,0.1712922167,0.1900465095,0.0006189641261,0.0006427367155,0.0005988859671,0.0005096237271,0.01119256611,0.002446678381,0.006782359251,0.0155819313,0.02787851623,0.04227522606,0.0004138896482,0.0004283191156,0.0003977349428,0.0003373872942,0.009754916202,0.002000332301,0.005226714563,0.01136648281,0.01919227709,0.02760251837,0.01177707163,0.008311391493,0.005263244676,0.003135669313,0.02132552725,0.002749495387,0.004722714608,0.006956880012,0.008095643073,0.008228536186,0.01824904225,0.01292683612,0.008216517928,0.004911972864,0.02476703911,0.003423308914,0.006270868724,0.009806126905,0.01215349682,0.01308565459,0.0002939065906,0.000213678406,0.0001393976151,8.535981681e-05,0.002589041746,0.0001616047756,0.0004642424847,0.001102467928,0.001918389116,0.002783114973,0.0001896734592,0.0001373858901,8.9293757e-05,5.449137556e-05,0.00222928062,0.0001297959361,0.0003496301487,0.0007821372461,0.001277870377,0.001750081519,5.39209115e-07,9.299698063e-07,1.213935927e-06,1.212377128e-06,0.002850096412,8.813247897e-05,0.0006639306475,0.003209094848,0.008864271906,0.01745890852,1.227182359e-09,3.991531977e-09,8.924278205e-09,1.344722561e-08,0.001218272475,1.309288587e-05,0.0001974487084,0.001635577888,0.006485933914,0.01675399685,7.105514808e-09,3.034098556e-08,9.28057851e-08,1.937185774e-07,0.003587648966,0.0002052586591,0.00202331635,0.01181786532,0.03837156444,0.08688777082,4.099587456e-09,2.207750242e-08,8.516692301e-08,2.20237291e-07,0.0045188306,0.0003764455183,0.003435654954,0.01868183481,0.05773662134,0.1261442816,1.58647236e-09,1.145349035e-08,5.923173154e-08,2.007603392e-07,0.005408461655,0.0006216251648,0.005147272772,0.02557094888,0.07347653007,0.1517465781,7.055763906e-11,8.62513663e-10,7.247544736e-09,3.706908096e-08,0.004791293731,0.0004735551949,0.004221691321,0.02146385496,0.05977932001,0.1176973241,8.438736991e-14,3.002627782e-12,6.280643505e-11,6.488545452e-10,0.003850728762,0.0001834640789,0.002581746283,0.01685872677,0.04942647143,0.09206101868,2.41358943e-12,7.807093524e-11,1.484547049e-09,1.404505939e-08,0.01054549502,0.001414484378,0.01267064185,0.05439504581,0.1134337044,0.1534741631,3.588466624e-11,1.053466099e-09,1.818070897e-08,1.572771603e-07,0.02283136427,0.006272014031,0.03835741412,0.1155291989,0.1785057943,0.1818807551,1.474553004e-12,8.944641945e-11,2.835402601e-09,3.872911331e-08,0.02672353588,0.007063863672,0.04315848707,0.1138202119,0.1364506939,0.09959874264
69,0.02765997357,0.02781736337,0.02510288082,0.02073934968,0.09607431031,0.04320066048,0.07090270963,0.1001224016,0.1188318238,0.1254146621,0.04129526945,0.04166288034,0.03771739379,0.03125298536,0.1099786638,0.05244472046,0.09113346909,0.1356995221,0.1703200821,0.1891845651,0.0006253039607,0.0006475912028,0.0006018026545,0.0005108469438,0.01113697521,0.002418794551,0.006715286986,0.0154496804,0.02767299091,0.04202860603,0.0004188346815,0.0004323820067,0.0004005308637,0.000338995884,0.009728952641,0.001992450741,0.005224557432,0.01139914924,0.01930736492,0.02786169907,0.01188021838,0.008370402043,0.005291899778,0.003147956643,0.02129509091,0.00274438008,0.004725935929,0.006978090309,0.008138689189,0.008297242405,0.01837512032,0.01299149281,0.008241975527,0.004918577315,0.02466949028,0.003389113109,0.006210432933,0.009714822207,0.01204152954,0.01297849894,0.0002969255095,0.0002152782712,0.0001400542465,8.554369202e-05,0.002575044516,0.000159475043,0.0004585550612,0.001089912158,0.00189759642,0.002756863119,0.0001919737032,0.0001387035122,8.992419761e-05,5.474913095e-05,0.002222818811,0.0001291370684,0.0003489453735,0.0007828764447,0.001282556955,0.001762481292,5.525639142e-07,9.478037284e-07,1.230465947e-06,1.222696271e-06,0.002833126961,8.68754512e-05,0.0006587939933,0.003203838329,0.008900368231,0.01763992408,1.268302563e-09,4.095276222e-09,9.089636327e-09,1.360441209e-08,0.001209736458,1.286276902e-05,0.0001958473004,0.001636821359,0.006545970786,0.01705771708,7.266450258e-09,3.08403371e-08,9.376206382e-08,1.94620654e-07,0.003557345833,0.0002015525249,0.00200614888,0.01182361058,0.03871864789,0.08839661958,4.10996801e-09,2.201679568e-08,8.448527321e-08,2.174118781e-07,0.004451087627,0.0003656440567,0.003378326221,0.01858087273,0.05803367007,0.1280447506,1.551070993e-09,1.115004016e-08,5.74159318e-08,1.938377871e-07,0.005283003739,0.0005955384046,0.005008556824,0.02524376079,0.07349413274,0.1535930968,6.733883204e-11,8.205837704e-10,6.873584012e-09,3.505456071e-08,0.004647520901,0.0004483829138,0.004080748841,0.02114925086,0.05994477317,0.1198908842,7.865309565e-14,2.795804333e-12,5.842198706e-11,6.030033895e-10,0.003724206037,0.0001723986654,0.002499449028,0.01677948078,0.05049814749,0.09634412028,2.255582965e-12,7.312291361e-11,1.393563513e-09,1.321145228e-08,0.01026582229,0.001355624705,0.01250231347,0.05514396132,0.1180819953,0.1637470059,3.352013056e-11,9.894882296e-10,1.717094356e-08,1.49299442e-07,0.02234773389,0.006112280099,0.0384571468,0.1189241868,0.1887067407,0.1971488186,1.374396617e-12,8.400105195e-11,2.682912895e-09,3.690183175e-08,0.0262347349,0.006966807667,0.04407484137,0.120059364,0.1489125532,0.1122928925
70,0.02789097577,0.02800657878,0.02523479659,0.02081876198,0.09595990943,0.04316675803,0.07105020733,0.100597787,0.1197034372,0.1267021192,0.0415699817,0.04186635184,0.03783500554,0.03129959217,0.1095977126,0.05201601541,0.09046658785,0.1348145735,0.1693107939,0.1882702082,0.0006316233475,0.0006524018641,0.0006046660835,0.0005120215494,0.0110812143,0.002390843171,0.006647292271,0.0153137983,0.02745843798,0.04176453187,0.0004237815548,0.000436425516,0.0004032938652,0.0003405684874,0.009702322206,0.00198409947,0.005220617969,0.01142705999,0.01941323014,0.0281067023,0.01198313706,0.008429046181,0.005320221789,0.003160005243,0.02126351876,0.002738773709,0.004727998799,0.006997240097,0.008178983297,0.008362967645,0.01850032044,0.01305538914,0.008266921034,0.004924890984,0.02457191479,0.003354978698,0.006149759296,0.009622638467,0.01192789048,0.01286869211,0.0002999347779,0.0002168638379,0.000140698948,8.571994958e-05,0.002561040805,0.0001573512798,0.0004528401587,0.001077194139,0.001876365814,0.002729708264,0.0001942755296,0.0001400153825,9.054756975e-05,5.500131699e-05,0.002216218788,0.0001284507554,0.0003481482158,0.0007832972265,0.001286628569,0.001773953537,5.660792909e-07,9.65700946e-07,1.246876212e-06,1.232776e-06,0.002815951035,8.559385165e-05,0.0006532465892,0.003195813451,0.00892706911,0.01780040541,1.310268463e-09,4.200068334e-09,9.25455206e-09,1.375839637e-08,0.001201092817,1.262790623e-05,0.0001940721495,0.001636087259,0.006596707476,0.01733634412,7.428322019e-09,3.133649389e-08,9.469374986e-08,1.954559116e-07,0.00352675,0.0001977752052,0.001987256983,0.01181557563,0.03901325538,0.08978189855,4.119246021e-09,2.194954135e-08,8.378077997e-08,2.145439327e-07,0.004383551314,0.0003548658988,0.003318429936,0.01845649628,0.05824065958,0.1297363973,1.516217624e-09,1.085210905e-08,5.563882995e-08,1.870843318e-07,0.00515931524,0.0005700071985,0.004867665922,0.02488431514,0.07338271029,0.1551463474,6.425701722e-11,7.804744675e-10,6.51628119e-09,3.313226031e-08,0.00450663502,0.0004239961167,0.003938150989,0.02079963689,0.05997518069,0.1218088483,7.327089283e-14,2.601359307e-12,5.42934949e-11,5.597695805e-10,0.00359986998,0.0001616324503,0.00241325649,0.01664909013,0.05140664461,0.1004092845,2.10614847e-12,6.841571056e-11,1.306475585e-09,1.240881126e-08,0.009986623589,0.001295762038,0.01229859808,0.05571232007,0.1224371746,0.1739282421,3.127567895e-11,9.281132066e-10,1.619100311e-08,1.414656362e-07,0.02185615273,0.00593869387,0.03842717686,0.1219651588,0.1986498789,0.21268595,1.278990615e-12,7.873731024e-11,2.533045508e-09,3.507384118e-08,0.02572867109,0.006844007483,0.04481331534,0.1260331813,0.1616252905,0.1258258215
71,0.02812117406,0.02819436517,0.02536498383,0.02089649976,0.09584018433,0.04312481261,0.07118007156,0.1010438706,0.1205362228,0.1279470972,0.04184250976,0.04206721665,0.0379501265,0.03134420608,0.1092158713,0.05158608682,0.08979171451,0.13390977,0.1682670785,0.1873065021,0.0006379170337,0.0006571652197,0.0006074749021,0.0005131478657,0.01102535452,0.002362869366,0.006578518833,0.01517464414,0.0272355505,0.0414840661,0.000428726098,0.0004404464487,0.0004060221266,0.0003421045097,0.009675077416,0.001975305842,0.005214951556,0.01145028312,0.01950987924,0.02833732828,0.01208574584,0.008487281013,0.005348193407,0.003171810391,0.021230881,0.002732698079,0.004728930946,0.007014351028,0.008216524163,0.008425666291,0.01862454875,0.01311848544,0.00829134591,0.004930917595,0.02447442147,0.00332094891,0.006088941512,0.009529742468,0.01181281444,0.01275650166,0.0003029318928,0.0002184339642,0.0001413314238,8.588865685e-05,0.002547047209,0.0001552364786,0.0004471081178,0.001064341855,0.001854752332,0.002701734645,0.0001965769971,0.000141320463,9.116346091e-05,5.524783755e-05,0.002209492725,0.0001277389199,0.0003472431801,0.0007834070451,0.001290091995,0.001784495086,5.797433401e-07,9.836441396e-07,1.263151792e-06,1.24261046e-06,0.002798598838,8.429160196e-05,0.0006473165193,0.003185121922,0.008944516963,0.0179402071,1.353049515e-09,4.305804267e-09,9.41884947e-09,1.390905182e-08,0.001192357754,1.238915476e-05,0.0001921348267,0.001633431741,0.006638136443,0.01758904079,7.590963333e-09,3.182893831e-08,9.560016494e-08,1.962250112e-07,0.003495917998,0.0001939403866,0.001966759871,0.01179416791,0.03925537634,0.091039795,4.127449672e-09,2.187611758e-08,8.305579545e-08,2.116415473e-07,0.004316330469,0.0003441450939,0.003256289673,0.01830996374,0.05835897631,0.1312153041,1.481956838e-09,1.056007522e-08,5.390259814e-08,1.8050771e-07,0.005037558068,0.0005450927103,0.00472529263,0.02449548166,0.07314664362,0.1564046614,6.131026609e-11,7.421645395e-10,6.17547229e-09,3.130137754e-08,0.004368808916,0.0004004506592,0.003794716683,0.02041837558,0.05987426449,0.1234443085,6.822808832e-14,2.418932412e-12,5.041535876e-11,5.19114099e-10,0.003477950885,0.0001512133943,0.002324018435,0.01647034896,0.05214698336,0.104221408,1.965144951e-12,6.394974924e-11,1.22338091e-09,1.163879924e-08,0.009708717401,0.001235397848,0.01206254024,0.0560992822,0.1264634186,0.183931557,2.915113416e-11,8.694319909e-10,1.524383971e-08,1.338102488e-07,0.02135855058,0.005753316526,0.03827144377,0.1246302315,0.2082502318,0.2283745557,1.188438138e-12,7.367183258e-11,2.386577636e-09,3.325798353e-08,0.02520788235,0.006697726753,0.04536927434,0.1316815,0.1744790153,0.1401314271
72,0.02835038379,0.02838058596,0.02549336541,0.02097253544,0.09571544633,0.04307512682,0.07129260638,0.1014607359,0.1213297972,0.1291485145,0.04211265016,0.04226535243,0.0380627195,0.03138685064,0.1088336085,0.05115556678,0.08911009992,0.1329871516,0.1671917382,0.186296636,0.0006441797275,0.0006618778434,0.0006102278587,0.0005142263135,0.01096946708,0.002334917609,0.006509110406,0.01503258191,0.02700503947,0.04118831579,0.0004336640519,0.0004444416041,0.0004087138803,0.0003436034316,0.009647272123,0.001966098285,0.005207618963,0.01146890361,0.0195973557,0.0285534399,0.0121879618,0.008545063713,0.005375797782,0.003183367792,0.02119725024,0.002726176203,0.004728763415,0.007029451336,0.008251320182,0.008485304034,0.01874771185,0.01318074309,0.008315242481,0.004936661391,0.02437711914,0.003287066306,0.006028072613,0.009436300925,0.01169653732,0.01264219885,0.0003059143325,0.000219987525,0.0001419514,8.604989622e-05,0.002533080263,0.0001531335578,0.000441369143,0.001051383196,0.001832811239,0.002673027862,0.0001988761203,0.0001426177116,9.177146943e-05,5.548860789e-05,0.002202653065,0.0001270035412,0.0003462350887,0.0007832144258,0.001292956364,0.001794106734,5.935433783e-07,1.001615529e-06,1.279277988e-06,1.25219448e-06,0.002781100747,8.297258996e-05,0.0006410329362,0.003171877196,0.008952905616,0.01805931785,1.396611456e-09,4.412374766e-09,9.582352934e-09,1.405626255e-08,0.001183547516,1.21473585e-05,0.0001900474607,0.001628921736,0.00667031638,0.01781518267,7.754202093e-09,3.231716077e-08,9.648071475e-08,1.969288305e-07,0.003464906189,0.0001900615113,0.001944781993,0.01175986777,0.03944536249,0.09216750402,4.134610011e-09,2.17969154e-08,8.23126826e-08,2.08712683e-07,0.004249530234,0.0003335135906,0.003192229131,0.01814264085,0.05839062956,0.1324793313,1.44832932e-09,1.027427691e-08,5.220912817e-08,1.741144417e-07,0.00491788173,0.0005208479982,0.004582101532,0.02408022522,0.07279118049,0.1573689743,5.849623652e-11,7.056261457e-10,5.850922984e-09,2.956067439e-08,0.00423419534,0.0003777911668,0.003651218629,0.02000894749,0.05964687803,0.1247933913,6.351121141e-14,2.248119224e-12,4.678071762e-11,4.809815892e-10,0.003358655022,0.0001411811206,0.002232562222,0.01624651914,0.05271650504,0.1077489835,1.832387435e-12,5.972361932e-11,1.144335917e-09,1.090264588e-08,0.009432875796,0.001175001088,0.01179742624,0.05630634835,0.1301295616,0.1936717976,2.714542248e-11,8.135051015e-10,1.433185989e-08,1.263632547e-07,0.02085680594,0.00555822841,0.03799536395,0.1269028161,0.2174268618,0.2440911881,1.102787659e-12,6.881774391e-11,2.244182467e-09,3.146591279e-08,0.02467488683,0.006530457744,0.04574100987,0.1369489492,0.1873575158,0.1551257785
73,0.02857841832,0.02856510521,0.02561986664,0.02104684444,0.095586018,0.04301802338,0.07138816726,0.1018485612,0.1220839152,0.1303054516,0.04238020087,0.04246064033,0.03817275153,0.03142755295,0.1084513944,0.05072508334,0.08842300046,0.1320487876,0.1660876385,0.1852439096,0.0006504061046,0.0006665363653,0.0006129238015,0.0005152574082,0.01091362307,0.002307031588,0.006439210188,0.01488797877,0.02676763005,0.04087842587,0.0004385910721,0.0004484077784,0.0004113674132,0.0003450648077,0.009618961357,0.001956506175,0.005198685993,0.01148302264,0.0196757393,0.02875496288,0.01228970096,0.008602351555,0.00540301852,0.003194673575,0.02116270133,0.002719232201,0.004727530414,0.007042575643,0.008283389234,0.008541857929,0.01886971698,0.01324212451,0.008338603915,0.004942127098,0.02428011641,0.003253372691,0.005967244709,0.009342479948,0.01157929517,0.01252605758,0.0003088795595,0.0002215234131,0.0001425586246,8.62037644e-05,0.002519156415,0.0001510453539,0.0004356332688,0.001038345841,0.00181059778,0.00264367442,0.000201170872,0.0001439060836,9.237120464e-05,5.57235544e-05,0.002195712488,0.0001262466459,0.000345129055,0.0007827289083,0.001295233081,0.00180279319,6.074659458e-07,1.019596901e-06,1.295240365e-06,1.261523567e-06,0.002763487222,8.164064911e-05,0.0006344258377,0.00315620334,0.008952477541,0.01815785808,1.440916231e-09,4.519665501e-09,9.744887568e-09,1.419992365e-08,0.001174678345,1.190334284e-05,0.0001878226217,0.001622634047,0.00669337009,0.01801436142,7.917861156e-09,3.2800661e-08,9.733488945e-08,1.975684552e-07,0.003433770579,0.0001861516963,0.00192145187,0.0117132221,0.03958391609,0.09316324105,4.140760708e-09,2.17123365e-08,8.155380319e-08,2.057651342e-07,0.004183251829,0.000323001112,0.003126569296,0.01795598375,0.05833821153,0.1335281014,1.41537189e-09,9.995013119e-09,5.056003911e-08,1.679098754e-07,0.004800423296,0.0004973181582,0.004438724436,0.02364156981,0.07232234185,0.1580427387,5.581222418e-11,6.70825611e-10,5.542336856e-09,2.79085283e-08,0.004102927358,0.0003560515662,0.003508377468,0.01957490062,0.05929889388,0.1258552303,5.910620259e-14,2.088480015e-12,4.338166208e-11,4.453028177e-10,0.003242164772,0.0001315671554,0.002139680866,0.01598124896,0.05311485011,0.1109646937,1.707653423e-12,5.573428092e-11,1.069359345e-09,1.020117553e-08,0.009159821434,0.00111500319,0.01150671231,0.05633724725,0.1334096386,0.2030667434,2.525667868e-11,7.603649178e-10,1.34569457e-08,1.191501058e-07,0.02035273386,0.005355491095,0.03760566388,0.1287718134,0.2261045005,0.2597090412,1.022038246e-12,6.418482845e-11,2.106428987e-09,2.970801547e-08,0.02413216209,0.0063448543,0.04592967952,0.1417861761,0.200140872,0.1707082417
74,0.02880508917,0.0287477877,0.02574441523,0.02111940508,0.0954522322,0.04295384375,0.07146715894,0.1022076176,0.1227984684,0.1314171537,0.04264496145,0.04265296507,0.0382801936,0.03146634343,0.1080696996,0.05029525894,0.08773167418,0.1310967681,0.164957697,0.1841517174,0.0006565908138,0.0006711374742,0.0006155616761,0.0005162417551,0.01085789338,0.002279254094,0.006368960323,0.01474120347,0.02652405788,0.04055557249,0.0004435027327,0.0004523417678,0.0004139810669,0.0003464882652,0.00959020118,0.001946559701,0.005188223113,0.01149275691,0.01974514522,0.02894188541,0.01239087841,0.008659101939,0.005429839683,0.003205724274,0.02112731113,0.002711891202,0.004725269133,0.007053764733,0.008312758498,0.00859531637,0.01899047201,0.01330259316,0.008361424192,0.004947319897,0.02418352148,0.003219909033,0.005906548748,0.00924844451,0.01146132337,0.01240835318,0.0003118250233,0.0002230405398,0.0001431528666,8.63503716e-05,0.002505291996,0.0001489746162,0.0004299103295,0.001025257159,0.001788166929,0.002613761283,0.0002034591845,0.0001451845326,9.296228705e-05,5.595261436e-05,0.002188683873,0.0001254702996,0.000343930457,0.0007819609863,0.001296935733,0.001810562998,6.214968121e-07,1.037569637e-06,1.311024767e-06,1.270593902e-06,0.002745788722,8.029953963e-05,0.000627525847,0.003138233832,0.008943520668,0.01823607608,1.485921928e-09,4.62755723e-09,9.906279645e-09,1.433994124e-08,0.001165766431,1.165790998e-05,0.0001854732065,0.00161465436,0.006707481618,0.01818638495,8.081758667e-09,3.327894929e-08,9.81622636e-08,1.98145169e-07,0.003402566657,0.0001822236602,0.001896900942,0.01165483756,0.03967207419,0.09402624014,4.145937817e-09,2.162279102e-08,8.078150649e-08,2.028064958e-07,0.004117592324,0.0003126350657,0.003059625827,0.01775152146,0.05820485109,0.1343629582,1.383117562e-09,9.722544579e-09,4.8956687e-08,1.618982412e-07,0.004685307456,0.0004745405587,0.00429575639,0.0231825639,0.07174682111,0.1584318007,5.325521265e-11,6.377241996e-10,5.249363532e-09,2.634298269e-08,0.003975118885,0.0003352557291,0.003366857272,0.01911980221,0.05883707878,0.126631881,5.499860536e-14,1.939548028e-12,4.020943743e-11,4.119970537e-10,0.003128639007,0.0001223953109,0.002046122926,0.01567848829,0.05334388158,0.1138458841,1.590689144e-12,5.197727039e-11,9.984359672e-10,9.534839083e-09,0.008890225293,0.001055794369,0.01119395399,0.05619777591,0.1362832829,0.2120387968,2.348235127e-11,7.100181931e-10,1.262048285e-08,1.121918202e-07,0.01984807541,0.005147113018,0.03711019152,0.1302316668,0.2342150161,0.2751005764,9.461450924e-13,5.977974706e-11,1.973783917e-09,2.799336636e-08,0.02358212605,0.006143665433,0.04593916832,0.1461508774,0.21270823,0.18676322
75,0.0290302062,0.028928499,0.02586694129,0.02119019854,0.09531443116,0.04288294672,0.07153003326,0.102538267,0.1234734843,0.132483032,0.04290673324,0.04284221492,0.03838502064,0.0315032556,0.1076889947,0.04986670901,0.08703737708,0.1301331978,0.1638048708,0.1830235334,0.0006627284836,0.0006756779205,0.000618140524,0.0005171800447,0.01080234852,0.002251626917,0.006298501422,0.01459262475,0.02627506546,0.04022095644,0.0004483945312,0.0004562403714,0.0004165532381,0.0003478735013,0.009561048523,0.001936289742,0.005176305069,0.0114982378,0.01980572291,0.02911425739,0.01249140832,0.008715272413,0.005456245786,0.003216516819,0.02109115833,0.002704179254,0.004722019572,0.007063065305,0.008339464201,0.008645679011,0.01910988559,0.0133621136,0.008383698079,0.004952245389,0.02408744202,0.003186715387,0.005846074294,0.00915435797,0.01134285586,0.01228936135,0.0003147481636,0.000224537836,0.0001437339161,8.648984075e-05,0.002491503189,0.0001469240013,0.0004242099313,0.001012144105,0.001765573161,0.002583375439,0.0002057389517,0.000146452011,9.35443484e-05,5.617573557e-05,0.002181580269,0.0001246765989,0.0003426449096,0.0007809220415,0.001298079986,0.001817428438,6.356209838e-07,1.055514741e-06,1.326617349e-06,1.279402331e-06,0.002728035626,7.895293132e-05,0.000620363998,0.003118110324,0.008926364848,0.0182943428,1.531582731e-09,4.735925974e-09,1.0066357e-08,1.447623257e-08,0.001156827864,1.141183485e-05,0.0001830123264,0.001605076204,0.006712892684,0.01833127446,8.245708399e-09,3.375154755e-08,9.896249572e-08,1.98660443e-07,0.003371349235,0.000178289659,0.001871262453,0.01158537336,0.03971118918,0.09475673832,4.150179531e-09,2.152869545e-08,7.999811885e-08,1.998441352e-07,0.004052644468,0.0003024404871,0.002991706666,0.01753083856,0.05799416226,0.1349869012,1.351595639e-09,9.457095035e-09,4.740017609e-08,1.560827094e-07,0.004572646674,0.0004525451542,0.004153752517,0.02270624779,0.07107187881,0.1585442428,5.082192165e-11,6.062788644e-10,4.971606567e-09,2.486179613e-08,0.003850865347,0.0003154182034,0.00322726236,0.01864719367,0.05826896014,0.1271281855,5.117374004e-14,1.800837111e-12,3.725463413e-11,3.809743349e-10,0.00301821368,0.0001136821834,0.001952584301,0.01534240297,0.05340755863,0.116374904,1.48121552e-12,4.84469035e-11,9.315204464e-10,8.903748473e-09,0.008624705129,0.0009977212134,0.01086273883,0.05589559997,0.1387359731,0.2205165349,2.181930598e-11,6.624487025e-10,1.182339428e-08,1.055051438e-07,0.01934448864,0.004935019334,0.03651771301,0.1312822795,0.2416986739,0.2901401861,8.750251555e-13,5.560628858e-11,1.846615518e-09,2.632971707e-08,0.02302712003,0.005929671784,0.04577588078,0.1500086044,0.2249406289,0.2031624583
76,0.02925357774,0.02910710559,0.02598737732,0.02125920873,0.09517296552,0.0428057069,0.07157728666,0.102840959,0.1241091241,0.1335026643,0.04316531951,0.04302828172,0.03848721134,0.0315383259,0.1073097495,0.04944004066,0.08634135958,0.1291601879,0.1626321455,0.1818628959,0.0006688137282,0.000680154518,0.0006206594799,0.0005180730475,0.0107470585,0.002224190755,0.006227972114,0.01444260996,0.02602139869,0.03987579668,0.000453261892,0.000460100394,0.0004190823791,0.0003492202817,0.009531561052,0.001925727736,0.005163010492,0.01149961055,0.01985765476,0.02927218919,0.01259120406,0.008770820704,0.005482221791,0.003227048524,0.02105432322,0.002696123218,0.004717824346,0.007070529693,0.008363551343,0.008692956607,0.01922786719,0.01342065141,0.008405421097,0.004956909567,0.02399198497,0.003153830835,0.00578590933,0.00906038162,0.01122412432,0.01216935716,0.0003176464129,0.0002260142525,0.0001443015831,8.662230664e-05,0.002477806009,0.000144896069,0.0004185414277,0.0009990331367,0.001742870233,0.002552603505,0.0002080080314,0.0001477074715,9.411703166e-05,5.639287605e-05,0.002174414858,0.0001238676632,0.0003412782374,0.0007796242756,0.001298683466,0.001823405395,6.498227153e-07,1.073412871e-06,1.34200459e-06,1.287946355e-06,0.002710258152,7.760438816e-05,0.0006129715293,0.003095981389,0.008901378014,0.01833314541,1.577848887e-09,4.84464321e-09,1.02249494e-08,1.46087259e-08,0.001147878589,1.116586147e-05,0.0001804531989,0.001593999862,0.006709898529,0.01844925865,8.409520105e-09,3.421799039e-08,9.973532724e-08,1.991159245e-07,0.003340172304,0.0001743614305,0.001844670373,0.01150553386,0.03970290634,0.09535594709,4.153525941e-09,2.143047061e-08,7.920593396e-08,1.968851674e-07,0.003988496552,0.000292440014,0.002923109924,0.01729555809,0.0577101887,0.1354044993,1.320831818e-09,9.198852696e-09,4.589137146e-08,1.504654554e-07,0.004462541428,0.0004313548636,0.004013225655,0.02221562338,0.07030523496,0.1583901998,4.850885289e-11,5.76442964e-10,4.708631012e-09,2.346248948e-08,0.003730244456,0.0002965450082,0.003090135368,0.01816054943,0.05760268731,0.1273515917,4.761685938e-14,1.671848684e-12,3.450736399e-11,3.521375865e-10,0.002911002601,0.0001054377388,0.001859701974,0.01497729082,0.05331176717,0.1185393072,1.378933765e-12,4.513647265e-11,8.685412005e-10,8.30771283e-09,0.008363824615,0.0009410854728,0.01051662387,0.0554400226,0.1407591253,0.2284360748,2.02639258e-11,6.17619953e-10,1.106617788e-08,9.910277022e-08,0.01884354113,0.004721026474,0.03583770187,0.131928803,0.2485051534,0.304706804,8.0856276e-13,5.166564488e-11,1.725198908e-09,2.47235137e-08,0.0224693938,0.005705626845,0.04544847519,0.1533333205,0.236723771,0.2197678295
77,0.02947501075,0.0292834749,0.02610565815,0.02132642223,0.09502819348,0.04272251333,0.0716094577,0.1031162276,0.12470568,0.1344757941,0.04342052561,0.04321106087,0.03858674799,0.03157159347,0.1069324317,0.04901585152,0.08564486324,0.1281798502,0.1614425243,0.1806733928,0.0006748411535,0.0006845641455,0.0006231177697,0.0005189216088,0.01069209277,0.002196985136,0.006157508645,0.01429152362,0.02576380355,0.03952132412,0.000458100172,0.0004639186488,0.0004215669972,0.0003505284377,0.009501797016,0.001914905563,0.005148421495,0.01149703327,0.01990115463,0.02941585014,0.01269017823,0.008825704736,0.005507753107,0.003237317066,0.02101688753,0.002687750675,0.004712728493,0.007076215578,0.008385073363,0.008737170806,0.01934432718,0.01347817324,0.008426589487,0.004961318776,0.02389725643,0.003121293431,0.005726140073,0.008966674268,0.01110535754,0.01204861403,0.0003205171997,0.0002274687608,0.0001448556974,8.674791512e-05,0.002464216275,0.0001428932789,0.0004129138982,0.0009859501275,0.001720110988,0.002521531337,0.000210264247,0.0001489498676,9.467999107e-05,5.660400364e-05,0.002167200928,0.0001230456268,0.0003398364462,0.0007780806398,0.001298765642,0.001828513216,6.640855228e-07,1.09124437e-06,1.357173317e-06,1.296224109e-06,0.002692486291,7.625735485e-05,0.0006053796876,0.003072001261,0.008868962115,0.01835307987,1.624666691e-09,4.953576082e-09,1.03818889e-08,1.473736053e-08,0.001138934374,1.092069991e-05,0.0001778090448,0.001581531264,0.006698843261,0.01854076527,8.572999878e-09,3.467782597e-08,1.004805811e-07,1.995134247e-07,0.003309088909,0.0001704501484,0.001817258387,0.01141606098,0.03964913864,0.09582601188,4.156018783e-09,2.132853961e-08,7.840720417e-08,1.939364338e-07,0.003925232311,0.0002826538901,0.002854122021,0.01704732509,0.05735734533,0.1356217859,1.290848329e-09,8.947971899e-09,4.443091287e-08,1.450477274e-07,0.004355080518,0.0004109860028,0.003874644754,0.02171362667,0.06945496137,0.1579816514,4.631233351e-11,5.481669409e-10,4.459970591e-09,2.214239067e-08,0.003613317081,0.0002786344686,0.002955956487,0.0176632402,0.0568468913,0.1273119341,4.431328552e-14,1.552077974e-12,3.195742054e-11,3.253845745e-10,0.002807098375,9.766595802e-05,0.001768049651,0.01458750154,0.0530641152,0.1203319156,1.283530568e-12,4.203843505e-11,8.094042156e-10,7.746275269e-09,0.008108093137,0.0008861439449,0.01015907929,0.05484173092,0.1423500378,0.2357422118,1.88122059e-11,5.754778933e-10,1.034894703e-08,9.299360891e-08,0.01834670407,0.004506821639,0.03508012745,0.1321813123,0.2545942989,0.318686372,7.466150526e-13,4.795669999e-11,1.609722596e-09,2.317993967e-08,0.02191109291,0.005474204443,0.04496755357,0.1561077018,0.2479506297,0.2364344958
78,0.02969431096,0.02945747535,0.02622172095,0.02139182814,0.09488047983,0.0426337679,0.07162712433,0.1033646879,0.1252635716,0.1354023295,0.04367215908,0.04339045125,0.03868361638,0.03160309993,0.106557507,0.04859472865,0.08494911776,0.1271942903,0.1602390174,0.1794586469,0.0006808053626,0.0006889037484,0.0006255147069,0.0005197266437,0.01063752004,0.002170048347,0.006087244506,0.01413972618,0.02550302301,0.03915877559,0.0004629046644,0.0004676919599,0.0004240056548,0.0003517978637,0.009471815111,0.00190385542,0.005132623276,0.01149067603,0.01993646617,0.02954546649,0.01278824275,0.008879882654,0.005532825578,0.003247320478,0.02097893419,0.002679089829,0.004706779274,0.00708018567,0.008404091775,0.00877835387,0.0194591769,0.01353464681,0.008447200179,0.00496547969,0.02380336148,0.003089140154,0.005666850821,0.008873391869,0.01098678077,0.01192740286,0.0003233579508,0.0002289003534,0.0001453961075,8.686682218e-05,0.002450749594,0.0001409179877,0.0004073361292,0.000972920299,0.001697347173,0.002490243684,0.0002125053898,0.0001501781543,9.523289203e-05,5.680909562e-05,0.002159951841,0.0001222126316,0.0003383256964,0.0007763047615,0.001298347689,0.001832774539,6.783922003e-07,1.108989297e-06,1.372110716e-06,1.304234354e-06,0.002674749741,7.491514518e-05,0.000597619543,0.003046328589,0.0088295489,0.01835484251,1.671978482e-09,5.062587625e-09,1.053701021e-08,1.486208653e-08,0.001130010765,1.067702382e-05,0.0001750929926,0.00156778088,0.006680114814,0.01860641023,8.735950522e-09,3.513061688e-08,1.011981601e-07,1.998549069e-07,0.003278151026,0.0001665663843,0.001789158949,0.01131772665,0.03955203958,0.0961699608,4.157701206e-09,2.122332609e-08,7.760413256e-08,1.910044855e-07,0.003862930865,0.0002730999956,0.002785016118,0.01678779095,0.05694035838,0.1356461377,1.261664081e-09,8.70457491e-09,4.301922927e-08,1.398299178e-07,0.004250341454,0.0003914487556,0.003738434019,0.02120310333,0.06852937599,0.1573321983,4.422855655e-11,5.213989587e-10,4.225134431e-09,2.089867655e-08,0.00350012819,0.0002616780698,0.002825143764,0.01715850104,0.05601054612,0.1270211838,4.124852894e-14,1.441019548e-12,2.959442302e-11,3.006096767e-10,0.002706573475,9.036551877e-05,0.001678135203,0.01417736237,0.05267370167,0.1217507476,1.194682833e-12,3.91445896e-11,7.539967304e-10,7.218749469e-09,0.007857966171,0.0008331093254,0.009793439263,0.054112529,0.1435116962,0.2423893007,1.745984251e-11,5.359535686e-10,9.671472683e-09,8.718308777e-08,0.01785534789,0.004293947274,0.03425524902,0.1320543844,0.2599365891,0.3319740831,6.890172012e-13,4.447632457e-11,1.500295886e-09,2.170297942e-08,0.02135424815,0.005237953582,0.04434532134,0.1583231818,0.2585238012,0.2530143204
79,0.02991128308,0.02962897646,0.02633550512,0.02145541797,0.09473019512,0.04253988397,0.07163090115,0.1035870319,0.125783342,0.1362823401,0.04392002983,0.04356635527,0.03877780556,0.03163288916,0.106185438,0.04817724764,0.08425533811,0.1262056018,0.1590246318,0.1782223024,0.0006867009621,0.0006931703396,0.00062784969,0.0005204891318,0.01058340823,0.002143417382,0.006017310105,0.01398757285,0.02523979405,0.03878938815,0.0004676706038,0.0004714171647,0.0004263969683,0.0003530285145,0.009441674351,0.001892609711,0.005115703705,0.01148071983,0.019963861,0.02966131913,0.01288530895,0.00893331284,0.005557425476,0.003257057121,0.02094054714,0.002670169412,0.004700025968,0.007082507377,0.008420675772,0.008816548344,0.01957232868,0.01359004085,0.008467250755,0.004969399271,0.02371040411,0.003057406874,0.005608123808,0.008780687187,0.01086861511,0.0118059912,0.0003261660946,0.0002303080441,0.0001459226803,8.697919317e-05,0.002437421339,0.0001389724477,0.0004018165996,0.0009599681557,0.001674629281,0.002458823856,0.0002147292213,0.0001513912894,9.577541098e-05,5.700813823e-05,0.002152681002,0.0001213708199,0.0003367522753,0.0007743108711,0.00129745235,0.001836215107,6.927248388e-07,1.126627456e-06,1.386804347e-06,1.311976447e-06,0.002657077845,7.358093235e-05,0.000589721817,0.003019125218,0.008783595602,0.01833922098,1.71972266e-09,5.171537002e-09,1.069015094e-08,1.498286462e-08,0.00112112306,1.043546846e-05,0.0001723179889,0.001552862619,0.006654139614,0.01864698469,8.898171922e-09,3.55759408e-08,1.018880441e-07,2.001424733e-07,0.003247409466,0.000162720079,0.001760502406,0.01121132539,0.03941397448,0.09639164421,4.158617529e-09,2.111525247e-08,7.679886602e-08,1.880955691e-07,0.003801666703,0.0002637939002,0.002716050824,0.01651859874,0.05646420497,0.1354861417,1.233294827e-09,8.468753862e-09,4.16565541e-08,1.348116357e-07,0.004148390894,0.0003727476747,0.00360497271,0.02068678746,0.06753694112,0.156456827,4.225361858e-11,4.960854925e-10,4.003613308e-09,1.972841177e-08,0.003390707858,0.000245661312,0.002698054334,0.01664940451,0.05510283472,0.1264931759,3.840838987e-14,1.338172121e-12,2.740794356e-11,2.777054639e-10,0.002609481418,8.353049014e-05,0.001590399765,0.01375111105,0.05215086754,0.1227988247,1.112061946e-12,3.644624079e-11,7.021907398e-10,6.724255317e-09,0.007613846209,0.0007821518804,0.009422860492,0.05326506624,0.1442524537,0.2483418629,1.620231463e-11,4.98965674e-10,9.033225988e-09,8.167348041e-08,0.01737073934,0.004083790402,0.03337342075,0.131566598,0.2645133256,0.3444763331,6.355872662e-13,4.121966829e-11,1.396956871e-09,2.029549863e-08,0.0208007673,0.004999261289,0.04359523064,0.1599797537,0.268357518,0.2693593922
80,0.03012573088,0.02979784888,0.02644695231,0.02151718556,0.09457771472,0.04244128482,0.07162143654,0.1037840246,0.1262656527,0.1371160536,0.04416395018,0.04373867873,0.03886930771,0.03166100711,0.1058166837,0.04776397176,0.083564722,0.1252158606,0.1578023624,0.1769680116,0.000692522567,0.0006973610006,0.0006301221985,0.0005212101114,0.0105298244,0.002117127902,0.005947832481,0.01383541253,0.02497484498,0.03841439366,0.0004723931713,0.0004750911164,0.0004287396075,0.0003542204025,0.009411433934,0.001881200934,0.005097752932,0.01146735555,0.01998363684,0.02976374099,0.01298128759,0.008985953935,0.005581539491,0.003266525677,0.02090181121,0.002661018589,0.004692519669,0.007083252465,0.008434901787,0.00885180667,0.01968369597,0.01364432511,0.008486739411,0.00497308474,0.02361848708,0.00302612832,0.005550039091,0.008688709496,0.01075107704,0.01168464244,0.0003289390633,0.0002316908684,0.0001464352999,8.708520185e-05,0.002424246634,0.0001370588058,0.0003963634675,0.0009471174312,0.001652006404,0.002427353438,0.0002169334757,0.0001525882339,9.630723526e-05,5.720112623e-05,0.002145401833,0.000120522328,0.0003351225707,0.0007721137279,0.001296103797,0.001838863574,7.070648482e-07,1.144138431e-06,1.401242154e-06,1.319450324e-06,0.002639499538,7.225774114e-05,0.0005817167259,0.002990555016,0.008731580603,0.01830708453,1.767833721e-09,5.280279755e-09,1.084115191e-08,1.509966586e-08,0.001112286277,1.019662926e-05,0.000169496718,0.001536892762,0.006621377075,0.01866344042,9.059461421e-09,3.601339108e-08,1.025502881e-07,2.003783523e-07,0.003216913783,0.0001589205224,0.001731416216,0.01109766706,0.03923749078,0.09649566646,4.158813012e-09,2.100473829e-08,7.599348925e-08,1.852156174e-07,0.00374150969,0.0002547489388,0.00264746918,0.01624136977,0.05593405327,0.1351514514,1.205753341e-09,8.240572769e-09,4.034294089e-08,1.299917797e-07,0.004049285139,0.000354882199,0.003474595559,0.02016728373,0.06648616711,0.1553716693,4.038355421e-11,4.721718725e-10,3.794885389e-09,1.862858434e-08,0.003285072318,0.0002305645493,0.002574986476,0.01613883877,0.05413302202,0.1257433223,3.577904311e-14,1.243042673e-12,2.538761783e-11,2.565640901e-10,0.002515858034,7.715102171e-05,0.001505218303,0.01331283708,0.05150693782,0.1234838672,1.035337561e-12,3.393434827e-11,6.538462731e-10,6.261753012e-09,0.007376084156,0.0007334017889,0.009050288903,0.05231256903,0.1445856056,0.2535749135,1.50349584e-11,4.644229698e-10,8.433420381e-09,7.646424695e-08,0.01689403995,0.003877576541,0.03244491232,0.1307399771,0.2683165484,0.3561123241,5.861306844e-13,3.818044351e-11,1.299680733e-09,1.895933663e-08,0.02025242895,0.004760323742,0.04273162088,0.1610855529,0.2773792643,0.2853255219
81,0.03033745741,0.0299639644,0.02655600629,0.0215771269,0.09442341803,0.04233840226,0.0715994097,0.1039564993,0.1267112788,0.1379038517,0.04440373501,0.0439073308,0.03895811797,0.03168750155,0.1054516988,0.04735545131,0.08287844761,0.1242271199,0.1565751826,0.1756994223,0.0006982648063,0.0007014728813,0.0006323317899,0.0005218906744,0.01047683461,0.002091214194,0.005878935062,0.01368358683,0.02470889299,0.0380350138,0.0004770674993,0.0004787106858,0.0004310322948,0.0003553735939,0.009381153126,0.001869661577,0.005078862989,0.01145078293,0.01999611545,0.02985311411,0.013076089,0.009037764852,0.005605154717,0.003275725124,0.02086281184,0.002651666867,0.004684313082,0.007082496703,0.00844685304,0.008884190751,0.0197931933,0.01369747035,0.008505664917,0.004976543548,0.02352771184,0.002995338069,0.005492674452,0.008597604332,0.01063437792,0.01156361516,0.0003316742956,0.0002330478834,0.0001469338669,8.718502958e-05,0.002411240343,0.000135179103,0.0003909845617,0.0009343910425,0.001629526113,0.002395912024,0.0002191158618,0.0001537679525,9.682806282e-05,5.738806243e-05,0.00213812775,0.0001196692795,0.0003334430455,0.0007697285456,0.001294327483,0.001840751283,7.213929821e-07,1.161501618e-06,1.415412472e-06,1.326656471e-06,0.0026220433,7.094844189e-05,0.0005736338384,0.002960782753,0.008673999129,0.01825937401,1.816242304e-09,5.388668069e-09,1.098985739e-08,1.521247135e-08,0.00110351513,9.961060903e-06,0.0001666415295,0.001519988941,0.006582314002,0.01865687371,9.219614199e-09,3.644257722e-08,1.031850188e-07,2.005648855e-07,0.0031867122,0.000155176341,0.001702024247,0.0109775699,0.03902528798,0.09648731157,4.158333633e-09,2.089219879e-08,7.519001966e-08,1.82370242e-07,0.003682525118,0.0002459763027,0.002579497912,0.0159576914,0.05535520429,0.1346526391,1.179049602e-09,8.02006961e-09,3.907827903e-08,1.253686111e-07,0.003953070667,0.0003378471786,0.003347593726,0.01964705277,0.06538552296,0.1540937601,3.861436757e-11,4.496027794e-10,3.598421448e-09,1.759613792e-08,0.003183225036,0.0002163638003,0.002456182336,0.01562949094,0.05311033728,0.1247883169,3.33471073e-14,1.155149914e-12,2.35232395e-11,2.37078492e-10,0.002425722785,7.121401062e-05,0.001422901467,0.01286643201,0.05075396276,0.1238178989,9.641809164e-13,3.159966154e-11,6.088144167e-10,5.83007516e-09,0.007144981149,0.0006869520044,0.008678434333,0.05126858326,0.1445288771,0.2580740135,1.395303345e-11,4.322265315e-10,7.871052434e-09,7.155237942e-08,0.01642630578,0.003676367795,0.03147974851,0.1295993971,0.2713486992,0.3668152848,5.40444329e-13,3.535119531e-11,1.208388108e-09,1.769540698e-08,0.01971087835,0.00452312558,0.04176936866,0.1616562488,0.2855309512,0.3007755766
82,0.0305462651,0.03012719603,0.02666261291,0.02163524003,0.09426768761,0.04223167518,0.07156552774,0.1041053531,0.127121103,0.1386462644,0.04463920181,0.04407222392,0.03904423419,0.0317124219,0.1050909337,0.046952223,0.08219767152,0.1232414056,0.1553460367,0.1744201659,0.000703922328,0.0007055032004,0.0006344780952,0.0005225319607,0.01042450394,0.00206570916,0.005810737453,0.01353242926,0.02444264182,0.03765245541,0.0004816886766,0.0004822727633,0.0004332738034,0.0003564882061,0.009350891143,0.001858024023,0.005059127402,0.0114312095,0.02000164055,0.02992986653,0.01316962308,0.009088704789,0.005628258639,0.003284654717,0.02082363497,0.002642144012,0.004675460315,0.007080319498,0.008456619058,0.008913771475,0.01990073638,0.0137494483,0.008524026582,0.004979783338,0.02343817843,0.002965068524,0.00543610532,0.008507513273,0.01051872365,0.01144316248,0.000334369239,0.0002343781681,0.0001474182976,8.727886442e-05,0.002398417052,0.0001333352754,0.0003856873746,0.0009218110537,0.001607234354,0.002364576987,0.0002212740657,0.0001549294148,9.733760205e-05,5.756895717e-05,0.00213087213,0.0001188137801,0.0003317202128,0.0007671709191,0.001292149992,0.001841912053,7.356893645e-07,1.17869625e-06,1.429304034e-06,1.3335959e-06,0.002604737109,6.965574631e-05,0.0005655019494,0.002929973043,0.008611359039,0.01819709159,1.864875265e-09,5.496551037e-09,1.113611531e-08,1.532127183e-08,0.001094824006,9.72927689e-06,0.0001637643755,0.001502269166,0.006537459023,0.0186285084,9.378423643e-09,3.686312519e-08,1.037924314e-07,2.007045144e-07,0.003156851547,0.0001514954931,0.00167244617,0.01085185406,0.03878018758,0.09637246447,4.157225871e-09,2.077804353e-08,7.439040316e-08,1.795647304e-07,0.003624773776,0.0002374851479,0.002512346944,0.01566910622,0.05473303616,0.134001043,1.153190989e-09,7.807258447e-09,3.786230962e-08,1.209398256e-07,0.003859784705,0.0003216333983,0.00322421623,0.01912839989,0.06424335485,0.1526408004,3.694206069e-11,4.283226902e-10,3.41368956e-09,1.662800071e-08,0.003085157811,0.0002030315176,0.0023418312,0.01512383506,0.05204386732,0.1236458416,3.109969988e-14,1.074027118e-12,2.180483945e-11,2.191434077e-10,0.002339080129,6.570373381e-05,0.001343698495,0.01241554909,0.04990446569,0.1238167781,8.98267686e-13,2.943283952e-11,5.669400605e-10,5.427956501e-09,0.006920790732,0.0006428614901,0.008309753023,0.05014673331,0.1441038474,0.2618350613,1.295178146e-11,4.022718139e-10,7.344940756e-09,6.69327436e-08,0.0159684883,0.003481064655,0.03048757026,0.1281719752,0.2736220578,0.3765332852,4.983201255e-13,3.272355375e-11,1.122953302e-09,1.650380261e-08,0.01917762528,0.004289427002,0.04072355748,0.1617142814,0.2927696336,0.315582528
83,0.03075195596,0.030287418,0.02676672001,0.02169152491,0.0941109084,0.04212154816,0.07152052265,0.1042315421,0.1274961092,0.1393439641,0.04487017074,0.0442332737,0.03912765683,0.03173581897,0.1047348334,0.04655480956,0.08152352695,0.1222607119,0.1541178323,0.1731338468,0.0007094898036,0.000709449245,0.0006365608147,0.000523135153,0.01037289636,0.002040644303,0.005743355276,0.0133822645,0.02417677986,0.03726790627,0.0004862517534,0.0004857742606,0.0004354629558,0.0003575644042,0.00932070704,0.001846320457,0.005038640825,0.01140884953,0.02000057567,0.02999446896,0.01326179944,0.009138733243,0.005650839121,0.003293313971,0.02078436687,0.002632479958,0.004666016675,0.007076803532,0.008464295171,0.008940628196,0.0200062421,0.01380023163,0.008541824211,0.004982811918,0.02334998543,0.002935350923,0.005380404719,0.008418573763,0.01040431428,0.01132353155,0.0003370213521,0.0002356808227,0.0001478885232,8.736690029e-05,0.002385791067,0.000131529155,0.0003804790589,0.0009093986479,0.001585175366,0.002333423286,0.0002234057529,0.0001560715955,9.783557138e-05,5.774382778e-05,0.002123648298,0.0001179579115,0.0003299606119,0.000764456753,0.001289598894,0.001842381939,7.499335198e-07,1.195701438e-06,1.442905971e-06,1.340270119e-06,0.00258760841,6.838220493e-05,0.0005573489702,0.002898289363,0.008544176754,0.01812129045,1.913655759e-09,5.603774943e-09,1.127977746e-08,1.542606733e-08,0.001086226946,9.501749495e-06,0.0001608767562,0.001483850925,0.006487337118,0.01857967816,9.535681721e-09,3.727467769e-08,1.043727862e-07,2.007997672e-07,0.003127377214,0.0001478852711,0.001642796937,0.01072133546,0.03850510364,0.09615752927,4.155536504e-09,2.066267518e-08,7.359651091e-08,1.768040451e-07,0.003568312057,0.0002292827132,0.002446209143,0.01537710275,0.05407295158,0.1332086157,1.128182473e-09,7.602131557e-09,3.669464104e-08,1.167026229e-07,0.003769455826,0.0003062280916,0.003104671767,0.01861346698,0.06306781334,0.1510309291,3.536265884e-11,4.082762774e-10,3.240159279e-09,1.572111106e-08,0.002990851873,0.0001905373102,0.002232073185,0.01462412482,0.05094246202,0.1223342792,2.902447901e-14,9.99224398e-13,2.022275051e-11,2.026562207e-10,0.002255920901,6.060243585e-05,0.001267800959,0.01196357224,0.04897120389,0.1234996753,8.372803928e-13,2.742455501e-11,5.280643574e-10,5.054061038e-09,0.006703721322,0.0006011586922,0.007946437416,0.04896050289,0.143335332,0.2648638508,1.202647679e-11,3.744505169e-10,6.853762464e-09,6.25984105e-08,0.01552143641,0.003292410963,0.02947751873,0.1264864635,0.2751579876,0.3852296438,4.595482165e-13,3.028846555e-11,1.043212206e-09,1.538390218e-08,0.0186540436,0.004060758019,0.03960917583,0.1612879809,0.2990677711,0.32963211
84,0.03095433167,0.03044450579,0.02686827736,0.02174598322,0.0939534669,0.04200847012,0.0714651483,0.104336076,0.1278373765,0.1399977592,0.04509646469,0.04439039884,0.03920838868,0.03175774479,0.1043838377,0.04616371935,0.08085712221,0.1212869975,0.1528934332,0.1718440319,0.000714961933,0.0007133083696,0.0006385797142,0.0005237014711,0.01032207471,0.002016049724,0.005676900038,0.01323340775,0.02391197832,0.0368825313,0.0004907517464,0.0004892121124,0.0004375986225,0.0003586023969,0.009290659615,0.00183458278,0.00501749867,0.01138392297,0.01999330195,0.03004743125,0.0133525274,0.009187810016,0.005672884382,0.003301702638,0.02074509392,0.00262270473,0.004656038471,0.007072034388,0.008469981998,0.008964848176,0.02010962856,0.01384979394,0.008559058061,0.00498563723,0.02326322987,0.002906215335,0.005325643225,0.008330918977,0.0102913438,0.01120496306,0.0003396281069,0.0002369549691,0.0001483444882,8.744933611e-05,0.002373376403,0.0001297624717,0.0003753664266,0.0008971741081,0.00156339161,0.002302523296,0.0002255085712,0.0001571934751,9.832169897e-05,5.791269809e-05,0.002116469496,0.0001171037273,0.000328170786,0.0007616021908,0.001286702596,0.001842199002,7.641044045e-07,1.212496193e-06,1.456207814e-06,1.346681098e-06,0.002570684077,6.713020614e-05,0.0005492018353,0.002865893152,0.00847297338,0.01803306456,1.962503349e-09,5.710183541e-09,1.142069958e-08,1.552686665e-08,0.001077737631,9.278910177e-06,0.0001579896754,0.001464850352,0.006432484348,0.01851180859,9.691179341e-09,3.76768942e-08,1.049264045e-07,2.008532467e-07,0.003098333115,0.0001443523102,0.001613186363,0.0105868202,0.03820301424,0.0958493464,4.153312415e-09,2.054648845e-08,7.281013678e-08,1.740928259e-07,0.003513192082,0.0002213744496,0.002381260296,0.01508310752,0.05338032921,0.1322877749,1.10402682e-09,7.404661551e-09,3.557476435e-08,1.126537751e-07,0.003682104567,0.0002916154392,0.002989130867,0.01810422729,0.06186678994,0.1492825057,3.387223305e-11,3.894087611e-10,3.077305309e-09,1.487243981e-08,0.002900278978,0.0001788486099,0.00212700322,0.01413239038,0.04981465261,0.1208724383,2.710967372e-14,9.303104492e-13,1.876765903e-11,1.875176442e-10,0.00217622369,5.589086544e-05,0.001195347153,0.0115135941,0.04796694768,0.1228885189,7.809104051e-13,2.556558453e-11,4.920268939e-10,4.707006429e-09,0.00649393892,0.0005618451313,0.00759041259,0.04772304093,0.1422507442,0.2671754235,1.117246971e-11,3.486522481e-10,6.396086833e-09,5.854097232e-08,0.01508589929,0.003111001486,0.0284581428,0.1245726611,0.275986025,0.392882939,4.239196829e-13,2.80364034e-11,9.689697504e-10,1.433447496e-08,0.01814137245,0.003838419045,0.03844085007,0.1604106104,0.3044130534,0.3428250054
85,0.03115319375,0.03059833614,0.0269672365,0.02179861829,0.09379575047,0.04189289303,0.07140017747,0.1044200137,0.1281460715,0.1406085861,0.04531790931,0.04454352096,0.03928643469,0.03177825238,0.1040383805,0.04577944617,0.0801995395,0.1203221829,0.1516756541,0.1705542417,0.000720333448,0.0007170779954,0.0006405346201,0.0005242321664,0.0102721007,0.00199195414,0.005611479052,0.01308616426,0.02364888979,0.03649746918,0.0004951836441,0.0004925832774,0.0004396797196,0.0003596024336,0.009260807307,0.001822842535,0.004995796767,0.01135665443,0.01998021594,0.03008929878,0.01344171613,0.009235895224,0.005694382986,0.003309820688,0.02070590255,0.002612848364,0.004645582818,0.007066100179,0.008473784921,0.008986526007,0.0202108151,0.01389810969,0.008575728803,0.004988267318,0.02317800722,0.002877690677,0.005271888949,0.008244677721,0.01017999989,0.01108769086,0.0003421869903,0.00023819975,0.00014878615,8.752637495e-05,0.002361186778,0.0001280368556,0.0003703559502,0.0008851568053,0.001541923729,0.002271946685,0.0002275801527,0.0001582940402,9.87957223e-05,5.80755978e-05,0.00210934887,0.0001162532483,0.0003263572612,0.0007586235474,0.001283490194,0.001841403068,7.781804418e-07,1.229059459e-06,1.46919949e-06,1.352831241e-06,0.002553990391,6.590197677e-05,0.0005410864246,0.002832942997,0.008398271053,0.01793353873,2.011334128e-09,5.815618351e-09,1.155874153e-08,1.562368691e-08,0.00106936937,9.061150338e-06,0.0001551136041,0.00144538148,0.006373442824,0.01842639924,9.84470671e-09,3.806945103e-08,1.054536646e-07,2.008676165e-07,0.003069761665,0.0001409026027,0.001583718788,0.01044909959,0.03787693437,0.09545510975,4.150600407e-09,2.042986917e-08,7.203299578e-08,1.71435395e-07,0.003459461855,0.0002137641545,0.002317659279,0.01478847862,0.05266047936,0.1312512596,1.080724788e-09,7.214803476e-09,3.450206818e-08,1.08789691e-07,0.003597744066,0.0002777770463,0.002877728292,0.01760248311,0.06064786316,0.1474139096,3.246691974e-11,3.716662165e-10,2.924610697e-09,1.407900966e-08,0.002813402482,0.0001679312804,0.002026675226,0.01365043902,0.04866858348,0.1192792963,2.534410385e-14,8.668738318e-13,1.743064445e-11,1.736322577e-10,0.002099956209,5.15487566e-05,0.001126426907,0.01106840242,0.04690428209,0.122007427,7.2885955e-13,2.384688433e-11,4.586675748e-10,4.385385588e-09,0.006291569995,0.0005248990037,0.007243338561,0.04644699521,0.1408794566,0.2687932537,1.038522242e-11,3.247659815e-10,5.970405908e-09,5.47508383e-08,0.0146625302,0.002937291534,0.02743732969,0.1224608605,0.2761428559,0.3994866531,3.912288392e-13,2.595755183e-11,9.000068181e-10,1.335378189e-08,0.01764071897,0.003623486903,0.03723261627,0.1591193691,0.3088078298,0.3550785045
86,0.03134834371,0.03074878705,0.02706355073,0.0218494349,0.09363814659,0.0417752706,0.07132639887,0.1044844572,0.1284234414,0.1411775015,0.04553433297,0.04469256451,0.03936180177,0.03179739556,0.1036988897,0.04540246912,0.07955183383,0.1193681466,0.1504672544,0.1692679416,0.0007255991163,0.0007207556084,0.0006424254144,0.0005247285169,0.01022303481,0.001968384894,0.005547195373,0.0129408289,0.02338814694,0.03611382945,0.0004995424115,0.0004958847397,0.0004417052068,0.0003605648001,0.009231208112,0.001811130831,0.004973631037,0.01132727216,0.01996172742,0.03012064873,0.01352927466,0.009282949303,0.005715323816,0.003317668285,0.02066687898,0.002602940837,0.004634707441,0.00705909118,0.008475813552,0.009005762997,0.02030972228,0.01394515418,0.008591837476,0.004990710302,0.02309441132,0.002849804729,0.005219207539,0.008159974371,0.01007046379,0.01097194166,0.0003446955063,0.0002394143285,0.0001492134778,8.759822321e-05,0.002349235614,0.0001263538402,0.000365453767,0.0008733651948,0.001520810513,0.002241760302,0.0002296181166,0.0001593722841,9.925738772e-05,5.823256198e-05,0.002102299446,0.0001154084584,0.0003245265265,0.0007555372436,0.001279991332,0.001840035484,7.92139558e-07,1.245370144e-06,1.481871315e-06,1.358723348e-06,0.002537553017,6.469958398e-05,0.0005330275024,0.002799593906,0.008320589544,0.01782385898,2.060060858e-09,5.919918946e-09,1.169376734e-08,1.571655301e-08,0.00106113509,8.848822421e-06,0.000152258454,0.001425555579,0.00631075601,0.01832500609,9.996053677e-09,3.845204112e-08,1.059549978e-07,2.008455898e-07,0.003041703768,0.0001375415173,0.001554492831,0.01030894562,0.03752989038,0.09498228556,4.147447036e-09,2.031319344e-08,7.126672309e-08,1.688357636e-07,0.00340716543,0.0002064541112,0.002255548412,0.01449450076,0.05191860437,0.1301119928,1.058275328e-09,7.032496869e-09,3.347585313e-08,1.051064778e-07,0.003516380697,0.0002646923945,0.002770565641,0.01710986587,0.05941825414,0.1454433566,3.11429378e-11,3.549958395e-10,2.78156957e-09,1.333791155e-08,0.002730178396,0.0001577501652,0.001931106368,0.01317985915,0.04751195707,0.1175737636,2.371719072e-14,8.085238366e-13,1.620320803e-11,1.609089105e-10,0.002027076631,4.75552526e-05,0.001061086667,0.01063047433,0.04579543356,0.1208821429,6.808413758e-13,2.225965316e-11,4.278282351e-10,4.087785532e-09,0.006096704503,0.000490278706,0.006906617623,0.04514437474,0.139252181,0.269748304,9.660338408e-12,3.026813169e-10,5.575161939e-09,5.121750789e-08,0.01425189079,0.002771608095,0.0264222577,0.1201813389,0.2756712157,0.4050484857,3.612751252e-13,2.404196978e-11,8.360865451e-10,1.243967114e-08,0.0171530622,0.003416825266,0.03599773331,0.1574543926,0.3122681938,0.3663276106
87,0.03153958316,0.03089573778,0.0271571749,0.02189843915,0.09348104213,0.04165605713,0.07124461421,0.1045305472,0.1286708069,0.1417056738,0.04574556683,0.0448374566,0.03943449858,0.03181522871,0.103365787,0.04503325262,0.07891503231,0.1184267236,0.1492709346,0.1679885349,0.000730753745,0.0007243387579,0.0006442520304,0.000525191822,0.01017493632,0.001945367992,0.005484147793,0.01279768591,0.02313036154,0.03573269002,0.0005038229954,0.0004991135096,0.0004436740849,0.0003614898154,0.009201919501,0.001799478285,0.004951097178,0.0112960071,0.01993825717,0.03014208629,0.01361511196,0.009328933008,0.005735696057,0.00332524577,0.02062810917,0.002593011994,0.004623470494,0.007051099461,0.008476181194,0.009022666544,0.0204062719,0.01399090351,0.008607385444,0.004992974346,0.02301253439,0.002822584165,0.005167662193,0.008076928843,0.009962910182,0.01085793477,0.0003471511776,0.0002405978878,0.0001496264512,8.766508983e-05,0.002337536032,0.0001247148654,0.0003606656852,0.0008618168201,0.001500088892,0.002212028118,0.0002316200712,0.0001604272073,9.970644999e-05,5.838363046e-05,0.002095334119,0.0001145713017,0.0003226850152,0.0007523597439,0.001276236062,0.001838138884,8.059592207e-07,1.261407146e-06,1.494213992e-06,1.364360585e-06,0.002521396992,6.35249385e-05,0.0005250486717,0.002765996678,0.008240443153,0.0177051834,2.108593137e-09,6.022923247e-09,1.182564527e-08,1.580549708e-08,0.001053047333,8.642241282e-06,0.0001494335585,0.001405480577,0.006244964381,0.01820922457,1.014501007e-08,3.882437383e-08,1.064308837e-07,2.007899164e-07,0.003014198818,0.0001342738235,0.00152560122,0.01016710715,0.03716489641,0.09443853387,4.14389845e-09,2.019682697e-08,7.051287395e-08,1.662976413e-07,0.003356343098,0.0001994452304,0.002195053973,0.01420238156,0.05115976401,0.1288829543,1.036675778e-09,6.857667752e-09,3.249534553e-08,1.016e-07,0.003438014719,0.0002523392651,0.002667714069,0.01662783855,0.05818479171,0.1433887347,2.989660312e-11,3.393461727e-10,2.647689439e-09,1.264631836e-08,0.002650556402,0.0001482695748,0.001840281316,0.01272202722,0.04635199196,0.1157744722,2.221896017e-14,7.54890989e-13,1.507729213e-11,1.492610081e-10,0.001957534881,4.388927287e-05,0.0009993346644,0.01020197733,0.04465212363,0.1195394909,6.365820987e-13,2.079538315e-11,3.99353991e-10,3.812803545e-09,0.005909398984,0.0004579262102,0.006581405826,0.043826441,0.1374003804,0.270077991,8.993585775e-12,2.822895485e-10,5.208771601e-09,4.79298189e-08,0.01385445616,0.002614161962,0.02541936938,0.117763904,0.2746187558,0.4095893864,3.338646266e-13,2.227973e-11,7.769599637e-10,1.158966673e-08,0.01667925813,0.003219098565,0.03474853763,0.1554577824,0.3148227834,0.3765255868
88,0.03172671392,0.03103906882,0.02724806537,0.02194563826,0.09332482278,0.04153570634,0.07115563532,0.1045594571,0.1288895536,0.1421943741,0.04595144476,0.04497812686,0.03950453526,0.03183180666,0.1030394874,0.04467224649,0.07829013355,0.1174997031,0.1480893314,0.166719356,0.0007357921834,0.0007278250542,0.0006460144472,0.0005256233966,0.0101278633,0.001922928128,0.005422430847,0.01265700866,0.02287612367,0.03535509511,0.0005080203295,0.0005022666243,0.0004455853935,0.000362377827,0.009172998344,0.001787914966,0.004928290378,0.0112630919,0.01991023485,0.03015424088,0.01369913703,0.009373807418,0.005755489174,0.003332553632,0.02058967864,0.002583091486,0.004611930376,0.007042218523,0.008475004301,0.009037349484,0.020500387,0.01403533452,0.008622374353,0.004995067631,0.02293246697,0.00279605458,0.005117313695,0.0079956566,0.00985750719,0.01074588194,0.0003495515468,0.0002417496304,0.0001500250592,8.772718545e-05,0.002326100855,0.0001231212821,0.0003559971916,0.0008505283227,0.001479793933,0.002182811176,0.0002335836167,0.0001614578174,0.0001001426717,5.852884726e-05,0.002088465631,0.0001137436793,0.0003208390885,0.0007491074978,0.00127225471,0.00183575695,8.196164799e-07,1.277149379e-06,1.506218592e-06,1.369746442e-06,0.002505546709,6.237979892e-05,0.0005171723429,0.002732297364,0.008158337901,0.01757867361,2.156837565e-09,6.124467818e-09,1.195424778e-08,1.589055787e-08,0.001045118252,8.44168583e-06,0.000146647662,0.001385260574,0.006176601488,0.0180806735,1.029136599e-08,3.918617458e-08,1.068818457e-07,2.007033719e-07,0.002987284711,0.000131103719,0.001497130714,0.01002430661,0.03678493293,0.09383163389,4.140000246e-09,2.008112458e-08,6.97729241e-08,1.638244471e-07,0.003307031595,0.0001927371913,0.002136286839,0.01391324924,0.05038884579,0.127577063,1.015922056e-09,6.690230572e-09,3.155971062e-08,9.826593338e-08,0.003362640912,0.0002406941324,0.002569217087,0.01615770009,0.05695388652,0.1412674609,2.872434091e-11,3.246672944e-10,2.522493115e-09,1.200149613e-08,0.002574480841,0.0001394537138,0.00175415643,0.01227811691,0.04519539315,0.1138995902,2.084003889e-14,7.056272433e-13,1.404529135e-11,1.386066948e-10,0.001891273888,4.052982451e-05,0.0009411460585,0.009784776287,0.04348545018,0.1180068652,5.95821269e-13,1.944589956e-11,3.730943497e-10,3.559060809e-09,0.0057296797,0.0004277702342,0.006268627749,0.04250362744,0.1353557272,0.2698251004,8.380914988e-12,2.634845548e-10,4.869647074e-09,4.487616997e-08,0.01347062024,0.002465060433,0.02443436332,0.1152374997,0.2730369078,0.4131423579,3.088112563e-13,2.066103657e-11,7.223709813e-10,1.080104944e-08,0.01622004566,0.003030788405,0.03349633835,0.1531726904,0.3165113639,0.3856439708
89,0.0319095382,0.03117866189,0.02733617987,0.0219910405,0.0931698723,0.04141467025,0.07106028136,0.1045723883,0.129081125,0.1426449668,0.04615180332,0.04511450723,0.0395719233,0.0318471844,0.1027203996,0.04431988612,0.07767810744,0.1165888271,0.1469250152,0.165463665,0.0007407093255,0.0007312121659,0.0006477126847,0.0005260245669,0.01008187257,0.001901088738,0.005362134866,0.0125190596,0.02262600119,0.03498205364,0.0005121293388,0.0005053411483,0.0004474382081,0.0003632292077,0.009144500842,0.001776470341,0.004905305044,0.01122876002,0.0198780969,0.03015776231,0.01378125893,0.009417533931,0.005774692887,0.003339592491,0.02055167237,0.00257320871,0.004600145563,0.007032542949,0.008472401944,0.009049929443,0.0205919918,0.01407842475,0.008636806085,0.004996998332,0.02285429797,0.002770240528,0.005068220456,0.007916268694,0.009754416358,0.01063598727,0.0003518941776,0.0002428687769,0.0001504092993,8.778472165e-05,0.002314942612,0.0001215743557,0.0003514534623,0.0008395154596,0.001459958864,0.002154167581,0.0002355063476,0.0001624631298,0.0001005658228,5.866825998e-05,0.002081706565,0.0001129274472,0.0003189950199,0.0007457968841,0.001268077747,0.001832934181,8.330880094e-07,1.292575801e-06,1.517876549e-06,1.374884704e-06,0.002490025916,6.126577705e-05,0.0005094197168,0.002698636816,0.008074769043,0.01744548681,2.204697947e-09,6.224388162e-09,1.207945157e-08,1.597178022e-08,0.001037359611,8.247400863e-06,0.0001439089165,0.001364995441,0.006106190453,0.01794098001,1.043491218e-08,3.953718435e-08,1.073084464e-07,2.005887462e-07,0.002960997862,0.0001280348609,0.001469162079,0.009881237322,0.0363929275,0.09316941404,4.135797337e-09,1.996642969e-08,6.90482709e-08,1.614193216e-07,0.003259264311,0.0001863285819,0.002079343251,0.01362815147,0.0496105405,0.1262070718,9.960088476e-10,6.530090053e-09,3.066806499e-08,9.509981656e-08,0.003290249215,0.0002297325237,0.002475093394,0.01570059141,0.05573151374,0.1390963591,2.762269588e-11,3.109109742e-10,2.405520262e-09,1.140081301e-08,0.002501891654,0.0001312670506,0.001672663799,0.01184911046,0.04404833399,0.1119666644,1.957164532e-14,6.604059126e-13,1.310005643e-11,1.288689483e-10,0.001828230771,3.745626129e-05,0.0008864679207,0.009380445301,0.04230579565,0.1163117614,5.583121915e-13,1.820339077e-11,3.489040979e-10,3.325213658e-09,0.005557545769,0.0003997291688,0.005968993729,0.04118548542,0.1331496164,0.2690366876,7.818471747e-12,2.461635223e-10,4.556214073e-09,4.204471695e-08,0.01310070155,0.002324320161,0.02347220201,0.1126298753,0.270979781,0.415751088,2.859376344e-13,1.917632177e-11,6.720606964e-10,1.007092934e-08,0.01577605332,0.002852211635,0.03225135042,0.1506424812,0.3173832608,0.3936720978
90,0.03208785865,0.03131439991,0.02742147734,0.02203465494,0.09301657204,0.04129339816,0.07095937603,0.1045705644,0.1292470144,0.1430588998,0.04634648165,0.04524653182,0.03963667526,0.03186141694,0.1024089253,0.04397659276,0.07707989499,0.1156957891,0.1457804874,0.1642246427,0.0007455001123,0.0007344978173,0.0006493467983,0.0005263966648,0.01003701976,0.001879872041,0.005303346053,0.01238409023,0.02238053941,0.03461453798,0.0005161449451,0.0005083341741,0.000449231637,0.0003640443515,0.00911648247,0.001765173239,0.004882234555,0.01119324493,0.01984228446,0.03015331707,0.01386138684,0.009460074259,0.005793297146,0.003346363075,0.02051417463,0.002563392751,0.00458817444,0.007022168052,0.008468495277,0.009060528164,0.02068101172,0.01412015237,0.008650682715,0.004998774585,0.02277811464,0.002745165568,0.005020438584,0.007838871829,0.009653792726,0.01052844717,0.0003541766562,0.0002439545658,0.000150779176,8.783791022e-05,0.002304073539,0.0001200752714,0.0003470393744,0.0008287931252,0.001440615104,0.002126152514,0.0002373858546,0.0001634421674,0.00010097568,5.880191922e-05,0.002075069324,0.0001121244139,0.0003171589813,0.0007424441594,0.001263735669,0.001829715667,8.463501513e-07,1.307665438e-06,1.529179642e-06,1.379779406e-06,0.002474857714,6.018434414e-05,0.0005018107808,0.002665150334,0.007990218904,0.01730676856,2.252075498e-09,6.322519006e-09,1.220113745e-08,1.604921433e-08,0.001029782787,8.05959909e-06,0.000141224885,0.001344780506,0.006034240908,0.01779176571,1.057544023e-08,3.987715913e-08,1.077112828e-07,2.004488331e-07,0.002935373238,0.0001250703992,0.001441770147,0.009738561416,0.03599173794,0.09245968734,4.131333834e-09,1.98530741e-08,6.834023496e-08,1.590851412e-07,0.003213071527,0.0001802170358,0.002024305664,0.01334805535,0.04882932252,0.124785473,9.769297912e-10,6.377142981e-09,2.981948822e-08,9.209709793e-08,0.003220825352,0.0002194293486,0.002385339677,0.01525750296,0.05452320365,0.1368915591,2.658834051e-11,2.980307983e-10,2.296328619e-09,1.084174612e-08,0.002432725275,0.0001236746314,0.001595715113,0.0114358113,0.04291644859,0.1099924897,1.840557599e-14,6.18921381e-13,1.223489246e-11,1.199755989e-10,0.001768337968,3.464849402e-05,0.0008352239896,0.008990283561,0.04112276141,0.1144813598,5.238221338e-13,1.706042949e-11,3.266439906e-10,3.109962656e-09,0.005392972271,0.0003737137351,0.005683018764,0.03988065473,0.1308127399,0.2677629961,7.302605542e-12,2.302275171e-10,4.26692702e-09,3.942354376e-08,0.01274494927,0.002191879841,0.0225371335,0.1099673186,0.2685031182,0.4174684659,2.650757002e-13,1.7816324e-11,6.257710786e-10,9.396309966e-09,0.01534780656,0.002683539306,0.03102266227,0.1479099877,0.317495709,0.4006161926
91,0.03226147851,0.03144616692,0.02750391782,0.02207649132,0.0928653003,0.04117233571,0.07085374497,0.1045552265,0.1293887566,0.1434376945,0.04653532147,0.04537413668,0.03969880454,0.03187455915,0.1021054596,0.04364277384,0.07649640845,0.114822234,0.1446581784,0.163005387,0.0007501595333,0.0007376797851,0.0006509168736,0.0005267410231,0.009993359269,0.001859299098,0.00524614658,0.01225234122,0.02214026095,0.03425348318,0.000520062071,0.0005112428215,0.0004509648189,0.0003648236692,0.009088997917,0.001754051814,0.004859171029,0.01115677919,0.01980324146,0.03014158457,0.01393943015,0.009501390426,0.00581129211,0.003352866195,0.02047726894,0.002553672332,0.004576075142,0.007011189544,0.008463407017,0.009069270842,0.02076737333,0.01416049615,0.008664006464,0.00500040447,0.02270400261,0.002720852306,0.004974021952,0.007763568456,0.009555784929,0.01042345037,0.0003563965916,0.0002450062517,0.0001511346999,8.788696239e-05,0.002293505591,0.0001186251391,0.000342759519,0.0008183753799,0.001421792308,0.002098818266,0.0002392197277,0.0001643939612,0.000101372026,5.892987796e-05,0.002068566129,0.0001113363393,0.000315337031,0.0007390654103,0.001259258876,0.001826146874,8.593789608e-07,1.322397408e-06,1.540119977e-06,1.384434801e-06,0.002460064556,5.913683792e-05,0.000494364317,0.002631967394,0.007905155038,0.01716364628,2.298869072e-09,6.418694595e-09,1.231919034e-08,1.612291522e-08,0.001022398779,7.878463283e-06,0.0001386025512,0.001324706322,0.005961246386,0.01763463419,1.071274289e-08,4.020586926e-08,1.080909816e-07,2.002864199e-07,0.002910444395,0.0001222130125,0.001415023927,0.009596908265,0.03558413781,0.09171019277,4.126652938e-09,1.974137771e-08,6.765006235e-08,1.56824533e-07,0.003168480641,0.0001743993653,0.001971243671,0.01307384838,0.04804943509,0.1233244187,9.586776499e-10,6.231279892e-09,2.901303392e-08,8.925317934e-08,0.003154351441,0.0002097591947,0.002299933368,0.01482928328,0.0533340396,0.1346684162,2.561808158e-11,2.859822667e-10,2.194494931e-09,1.032188668e-08,0.002366915486,0.0001166423436,0.001523205295,0.01103885788,0.04180483372,0.107993006,1.733418842e-14,5.808886387e-13,1.144355205e-11,1.118592871e-10,0.001711524299,3.208715647e-05,0.0007873191207,0.008615334209,0.03994512626,0.1125421637,4.921323549e-13,1.600998644e-11,3.061812608e-10,2.912059707e-09,0.005235913283,0.0003496293595,0.005411042433,0.03859685593,0.1283747265,0.2660564222,6.829874477e-12,2.155819228e-10,4.000281537e-09,3.700080876e-08,0.01240354933,0.002067612461,0.02163272435,0.1072744521,0.2656633311,0.4183550378,2.460670963e-13,1.657214853e-11,5.832480434e-10,8.774144002e-09,0.01493573547,0.002524815827,0.02981823385,0.1450168691,0.3169121797,0.4064981014
92,0.03243020169,0.03157384812,0.02758346234,0.02211655991,0.09271643182,0.04105192389,0.0707442131,0.1045276276,0.1295079203,0.1437829357,0.0467181669,0.04549725961,0.03975832521,0.03188666552,0.1018103909,0.04331882347,0.07592853167,0.1139697571,0.1435604464,0.1618089099,0.0007546826279,0.0007407558945,0.0006524230205,0.0005270589708,0.009950944309,0.001839389874,0.005190614722,0.01212404253,0.02190566585,0.03389978646,0.0005238756453,0.0005140642382,0.0004526369187,0.000365567585,0.009062101042,0.001743133517,0.004836205124,0.0111195938,0.01976141269,0.03012325354,0.01401529846,0.009541444756,0.005828668117,0.003359102724,0.02044103792,0.002544075766,0.004563905409,0.006999703209,0.008457260926,0.009076285457,0.02085100431,0.01419943534,0.008676779654,0.00500189598,0.02263204591,0.002697322453,0.004929022288,0.007690456903,0.00946053535,0.01032117802,0.0003585516168,0.0002460231048,0.0001514758864,8.793208812e-05,0.002283250442,0.0001172249985,0.0003386182164,0.0008082754827,0.001403518422,0.002072214296,0.0002410055577,0.0001653175501,0.0001017546491,5.905219098e-05,0.002062209005,0.0001105649336,0.0003135351027,0.0007356765094,0.001254677571,0.001822273431,8.721502532e-07,1.33675094e-06,1.550689971e-06,1.38885532e-06,0.002445668261,5.812447025e-05,0.0004870979217,0.002599211461,0.007820028703,0.01701722352,2.3449754e-09,6.512748972e-09,1.243349904e-08,1.619294202e-08,0.001015218213,7.70414854e-06,0.0001360483342,0.001304858513,0.00588768216,0.01747115989,1.084661434e-08,4.052309862e-08,1.084481941e-07,2.001042781e-07,0.002886243525,0.0001194649448,0.001388986768,0.009456873463,0.03517280435,0.09092854294,4.121796843e-09,1.963164849e-08,6.697892712e-08,1.546398906e-07,0.003125516418,0.0001688716891,0.001920214981,0.01280634028,0.04727487996,0.1218356514,9.412444841e-10,6.092386679e-09,2.824773991e-08,8.656345597e-08,0.003090806592,0.0002006965923,0.002218835315,0.01441664862,0.05216866235,0.1324414518,2.470886524e-11,2.747228667e-10,2.099615629e-09,9.83894344e-09,0.002304394218,0.0001101371321,0.001455015893,0.01065873823,0.04071805895,0.1059832209,1.635038117e-14,5.460426756e-13,1.072022469e-11,1.044573701e-10,0.001657715954,2.975373176e-05,0.0007426433874,0.008256405354,0.0387808269,0.1105196976,4.630379826e-13,1.504543737e-11,2.873899751e-10,2.730313411e-09,0.005086304841,0.0003273782629,0.00515324919,0.03734090175,0.1258638475,0.263970549,6.397046938e-12,2.021367565e-10,3.754824522e-09,3.476486796e-08,0.01207663068,0.001951336905,0.02076190136,0.1045740886,0.2625166335,0.4184774511,2.287633549e-13,1.543531303e-11,5.442439707e-10,8.20138088e-09,0.01454018284,0.002375977803,0.02864492066,0.1420030792,0.3157007401,0.4113537418
93,0.03259383288,0.0316973297,0.02766007272,0.02215487133,0.09257033726,0.04093259826,0.07063160219,0.1044890281,0.1296060997,0.1440962611,0.04689486437,0.04561583995,0.03981525172,0.03189779003,0.1015241008,0.04300512287,0.07537712055,0.1131399047,0.1424895768,0.1606381351,0.0007590644863,0.0007437240157,0.0006538653683,0.0005273518285,0.009909826938,0.001820163302,0.005136825004,0.01199941371,0.02167723183,0.03355430718,0.000527580607,0.000516795599,0.0004542471254,0.0003662765319,0.009035844833,0.001732445073,0.004813425846,0.01108191738,0.019717242,0.03009901855,0.01408890167,0.009580199864,0.005845415657,0.003365073573,0.0204055632,0.002534630918,0.004551722439,0.006987804586,0.008450181312,0.009081702109,0.02093183337,0.0142369497,0.008689004664,0.005003257001,0.022562327,0.002674596874,0.004885489273,0.007619631511,0.009368180306,0.01022180382,0.0003606393887,0.0002470044094,0.0001518027544,8.79734954e-05,0.002273319503,0.0001158758247,0.000334619532,0.0007985059287,0.001385819756,0.002046387312,0.000242740939,0.0001662119807,0.0001021233423,5.916891426e-05,0.002056009772,0.0001098118564,0.0003117589964,0.0007322930751,0.00125002165,0.001818140936,8.846396514e-07,1.350705399e-06,1.560882326e-06,1.393045534e-06,0.00243169002,5.714833532e-05,0.0004800280345,0.002566999877,0.00773527365,0.01686857498,2.390289351e-09,6.604516258e-09,1.25439562e-08,1.625935734e-08,0.001008251351,7.536784621e-06,0.000133568109,0.001285317693,0.00581400352,0.01730287842,1.097685039e-08,4.082864381e-08,1.087835918e-07,1.999051545e-07,0.00286280151,0.0001168280441,0.001363716571,0.009319018286,0.03476030869,0.09012217826,4.11680666e-09,1.952418242e-08,6.632793433e-08,1.52533391e-07,0.003084201237,0.0001636295545,0.001871266433,0.01254626565,0.04650941138,0.120330449,9.246218135e-10,5.960346107e-09,2.752263773e-08,8.40233528e-08,0.003030167489,0.0001922162486,0.002141992344,0.01402019306,0.0510312802,0.1302243113,2.385778065e-11,2.642121244e-10,2.011307268e-09,9.390744778e-09,0.002245092301,0.0001041271726,0.001391018211,0.01029580481,0.03966018382,0.1039771577,1.5447572e-14,5.141377693e-13,1.005952298e-11,9.771178896e-11,0.001606837423,2.763064381e-05,0.000701075807,0.007914092464,0.03763695792,0.1084382624,4.363477696e-13,1.416056477e-11,2.701512531e-10,2.563592878e-09,0.004944067782,0.0003068612696,0.00490968855,0.03611872477,0.1233067881,0.2615592673,6.001100618e-12,1.898068814e-10,3.529162014e-09,3.27043769e-08,0.01176427155,0.001842828756,0.01992699995,0.1018871424,0.2591182813,0.4179069328,2.13025922e-13,1.439777967e-11,5.085197136e-10,7.675006745e-09,0.01416141233,0.002236872096,0.02750851901,0.1389064424,0.3139324915,0.4152313509
94,0.03275217762,0.0318164989,0.02773371146,0.02219143635,0.09242738274,0.04081478813,0.07051672846,0.1044406901,0.129684907,0.1443793509,0.04706526251,0.04572981833,0.03986959871,0.03190798597,0.1012469643,0.04270204098,0.07484300368,0.1123341744,0.1414477822,0.1594958969,0.0007633002499,0.0007465820595,0.0006552440593,0.0005276209035,0.009870058079,0.001801637354,0.005084848371,0.01187866413,0.02145541466,0.03321786701,0.0005311719096,0.0005194341053,0.0004557946472,0.0003669509479,0.009010281364,0.001722012466,0.004790920383,0.01104397558,0.01967117061,0.03006957652,0.01416015004,0.009617618643,0.005861525347,0.003370779671,0.02037092534,0.002525365157,0.004539582758,0.006975588669,0.008442292537,0.009085652355,0.02100979023,0.01427301934,0.008700683883,0.005004495288,0.02249492683,0.002652695652,0.004843470648,0.007551182809,0.009278850269,0.01012549423,0.0003626575886,0.0002479494626,0.0001521153254,8.801138959e-05,0.002263723926,0.000114578534,0.0003307672934,0.0007890784905,0.001368721054,0.002021381369,0.0002444234718,0.0001670763079,0.0001024779026,5.928010434e-05,0.002049980043,0.0001090787168,0.0003100143701,0.000728930436,0.001245320616,0.001813794762,8.968226348e-07,1.364240301e-06,1.570690012e-06,1.397010117e-06,0.002418150412,5.620941834e-05,0.0004731699771,0.00253544383,0.007651305212,0.01671874234,2.434704198e-09,6.693830922e-09,1.265045804e-08,1.632222658e-08,0.001001508104,7.376478333e-06,0.0001311672298,0.001266159449,0.005740644467,0.01713127839,1.11032487e-08,4.112231319e-08,1.090978609e-07,1.996917624e-07,0.00284014798,0.0001143038006,0.001339266043,0.00918386961,0.03434910831,0.0892983276,4.111722339e-09,1.941926359e-08,6.569812338e-08,1.505070118e-07,0.003044555342,0.0001586680531,0.001824435034,0.01229428723,0.04575653396,0.1188195812,9.088007729e-10,5.835039245e-09,2.683676142e-08,8.16283576e-08,0.002972408945,0.0001842932538,0.002069339695,0.01364039912,0.04992568404,0.128029741,2.306206255e-11,2.544116382e-10,1.92920679e-09,8.975239615e-09,0.002188940176,9.858200675e-05,0.001331076152,0.009950289507,0.03863478096,0.1019878244,1.461967467e-14,4.849466934e-13,9.456466621e-12,9.15689053e-11,0.001558812344,2.570131878e-05,0.0006624876758,0.007588801433,0.03651978838,0.1063207496,4.118837504e-13,1.334955477e-11,2.543533733e-10,2.410830216e-09,0.004809110486,0.0002879793488,0.004680294735,0.03493541822,0.1207284803,0.2588759957,5.639219376e-12,1.785121295e-10,3.321965129e-09,3.080837303e-08,0.01146650554,0.001741830201,0.01912981698,0.09923259129,0.2555219269,0.4167178391,1.987260483e-13,1.345197587e-11,4.758461538e-10,7.192077321e-09,0.01379961678,0.002107272791,0.02641382814,0.1357623369,0.3116801237,0.4181896085
95,0.03290504242,0.03193124384,0.02780434157,0.02222626579,0.09228792938,0.04069891579,0.07040040023,0.1043838732,0.1297459646,0.1446339173,0.04722921195,0.04583913646,0.03992138076,0.03191730577,0.1009793498,0.04240993507,0.07432698318,0.1115540157,0.1404372023,0.158384939,0.000767385111,0.0007493279731,0.0006565592434,0.0005278674854,0.009831687563,0.001783829115,0.005034752377,0.01176199344,0.0212406488,0.0328912505,0.0005346445259,0.0005219769845,0.0004572787093,0.0003675912721,0.008985461771,0.001711860931,0.004768773966,0.01100599045,0.01962363549,0.03003562355,0.01422895419,0.009653664248,0.005876987899,0.003376221936,0.02033720372,0.002516305333,0.004527542092,0.006963149615,0.008433718541,0.009088268566,0.02108480553,0.01430762469,0.008711819663,0.005005618445,0.02242992488,0.002631638149,0.004803012331,0.007485197695,0.009192670124,0.01003240866,0.0003646039221,0.0002488575727,0.0001524136217,8.804597277e-05,0.002254474619,0.0001133339899,0.0003270651083,0.0007800042623,0.001352245582,0.00199723798,0.0002460507639,0.0001679095939,0.0001028181304,5.938581774e-05,0.002044131216,0.0001083670729,0.0003083067338,0.000725603598,0.00124060349,0.001809279881,9.086745895e-07,1.377335335e-06,1.58010624e-06,1.400753806e-06,0.002405069421,5.530860451e-05,0.0004665379988,0.002504648378,0.007568519667,0.01656873079,2.478111904e-09,6.780528051e-09,1.275290423e-08,1.638161729e-08,0.0009949980482,7.223315942e-06,0.0001288505583,0.00124745439,0.005668016817,0.01695779455,1.1225609e-08,4.140392586e-08,1.09391698e-07,1.994667739e-07,0.002818311383,0.0001118933861,0.001315682985,0.009051920228,0.03394154166,0.08846397557,4.106582615e-09,1.931716441e-08,6.509047164e-08,1.48562549e-07,0.003006597097,0.00015398193,0.001779748999,0.01205099974,0.04501950397,0.1173132771,8.937722616e-10,5.716346808e-09,2.618915565e-08,7.937405093e-08,0.00291750445,0.000176903259,0.00200080332,0.0132776487,0.0488552664,0.1258695796,2.231909274e-11,2.452850963e-10,1.852971602e-09,8.590497316e-09,0.002135868548,9.347264332e-05,0.001275048807,0.009622318521,0.0376449639,0.1000272048,1.386107492e-14,4.582598754e-13,8.906464721e-12,8.597931542e-11,0.0015135643,2.395022098e-05,0.0006267455173,0.007280771743,0.03543479242,0.1041885084,3.894808239e-13,1.260699055e-11,2.398917829e-10,2.271021882e-09,0.004681331472,0.0002706349048,0.004464905464,0.03379528724,0.1181519948,0.2559730087,5.308788387e-12,1.681773492e-10,3.131974293e-09,2.906634058e-08,0.01118332774,0.001648058984,0.01837166615,0.09662748099,0.2517790887,0.414986306,1.857445731e-13,1.259080517e-11,4.460053566e-10,6.749744351e-09,0.0134549264,0.001986896846,0.02536472483,0.1326034773,0.3090166133,0.4202957107
96,0.03305223478,0.03204145352,0.02787192642,0.02225937029,0.09215233286,0.04058539585,0.07028341574,0.1043198295,0.1297908968,0.1448616939,0.04738656516,0.04594373687,0.03997061217,0.03192580086,0.1007216194,0.04212915142,0.07382983563,0.1108008312,0.1394599056,0.1573079148,0.0007713143128,0.0007519597347,0.0006578110723,0.0005280928421,0.009794764174,0.001766754859,0.004986601385,0.01164959192,0.02103334808,0.03257520584,0.0005379934517,0.0005244214889,0.000458698549,0.0003681979403,0.008961436226,0.001702014944,0.004747069735,0.01096817984,0.01957506783,0.0299978517,0.01429522519,0.009688300083,0.005891794092,0.003381401261,0.02030447652,0.002507477736,0.00451565525,0.006950580468,0.008424582385,0.009089683281,0.02115681078,0.01434074644,0.008722414277,0.005006633902,0.02236739922,0.002611443073,0.004764158545,0.007421759646,0.009109759451,0.009942699782,0.0003664761191,0.0002497280581,0.0001526976658,8.807744304e-05,0.002245582257,0.000112143009,0.0003235163836,0.000771293708,0.001336415221,0.001973996248,0.0002476204331,0.0001687109089,0.0001031438288,5.948611038e-05,0.002038474468,0.0001076784331,0.0003066414441,0.0007223272158,0.00123589873,0.0018046407,9.201708584e-07,1.389970373e-06,1.589124433e-06,1.404281362e-06,0.002392466459,5.444668829e-05,0.0004601453303,0.002474712544,0.007487293869,0.01641950629,2.520403414e-09,6.864443603e-09,1.285119761e-08,1.643759845e-08,0.0009887304345,7.077365578e-06,0.000126622494,0.001229268249,0.005596509653,0.01678380247,1.134373323e-08,4.167331059e-08,1.096658051e-07,1.992328124e-07,0.002797319049,0.0001095976927,0.001293010601,0.008923629539,0.0335398247,0.08762583603,4.101424952e-09,1.921814576e-08,6.450589824e-08,1.467016345e-07,0.002970343246,0.0001495656857,0.00173722879,0.01181693415,0.04430133385,0.1158212044,8.795270846e-10,5.604150412e-09,2.557888317e-08,7.72561331e-08,0.002865426689,0.0001700226308,0.001936302036,0.01293223396,0.0478230441,0.1237547647,2.162640079e-11,2.367982807e-10,1.782279537e-09,8.234706775e-09,0.002085809006,8.877163061e-05,0.001222792757,0.009311926817,0.03669341859,0.09810626626,1.316660618e-14,4.338845225e-13,8.405297085e-12,8.089764998e-11,0.001471017535,2.236286761e-05,0.0005937136504,0.006990099236,0.03438669109,0.1020612633,3.689862808e-13,1.192784271e-11,2.266690298e-10,2.143229101e-09,0.004560621865,0.0002547328363,0.004263279633,0.03270190792,0.1155984843,0.2529008741,5.00738796e-12,1.587323897e-10,2.958002016e-09,2.746826006e-08,0.01091470057,0.001561216374,0.01765343451,0.09408696895,0.2479387343,0.4127890244,1.739716277e-13,1.180765023e-11,4.187913799e-10,6.345276288e-09,0.01312741691,0.001875418277,0.02436424657,0.1294597883,0.3060140836,0.421623456
97,0.03319356331,0.0321470177,0.02793642957,0.02229076019,0.09202094304,0.04047463462,0.07016656103,0.1042497988,0.1298213227,0.1450644253,0.0475371763,0.04604356262,0.04001730672,0.03193352146,0.1004741287,0.04186002607,0.07335231313,0.1100759774,0.1385178897,0.1562673875,0.0007750831481,0.0007544753493,0.0006589996936,0.0005282982149,0.00975933569,0.001750430129,0.00494045679,0.011541641,0.02083390654,0.03227044598,0.00054121371,0.0005267648946,0.0004600534128,0.0003687713813,0.008938253908,0.001692498227,0.004725888633,0.01093075693,0.01952589163,0.02995694606,0.01435887457,0.00972148978,0.005905934741,0.003386318481,0.02027282056,0.002498908075,0.004503976013,0.006937972888,0.008415005802,0.009090028582,0.02122573824,0.01437236544,0.00873246987,0.005007548898,0.02230742658,0.002592128542,0.004726951943,0.007360948935,0.009030232833,0.009856513802,0.0003682719328,0.0002505602455,0.0001529674786,8.8105994e-05,0.0022370573,0.0001110063672,0.0003201243448,0.0007629567106,0.001321250564,0.001951693004,0.0002491301094,0.0001694793301,0.0001034548026,5.958103693e-05,0.002033020756,0.000107014256,0.0003050236997,0.0007191155679,0.001231234163,0.0017999209,9.31286793e-07,1.402125492e-06,1.597738203e-06,1.407597537e-06,0.002380360385,5.362438283e-05,0.0004540042416,0.00244572946,0.007407985118,0.0162719935,2.561468966e-09,6.945414662e-09,1.294524395e-08,1.649023986e-08,0.0009827142094,6.938679636e-06,0.0001244870069,0.00121166203,0.005526489141,0.01661061441,1.145742573e-08,4.193030466e-08,1.099208848e-07,1.98992446e-07,0.002777197273,0.000107417371,0.001271287836,0.008799424563,0.03314604934,0.08679033157,4.096285506e-09,1.912245735e-08,6.394526823e-08,1.449257549e-07,0.002935809164,0.0001454136723,0.001696888143,0.01159256232,0.04360479941,0.1143524575,8.660560886e-10,5.498333764e-09,2.50050317e-08,7.527044848e-08,0.002816148047,0.0001636285822,0.001875749528,0.01260436823,0.04683168332,0.1216953515,2.098166405e-11,2.289190612e-10,1.716828688e-09,7.906174855e-09,0.002038694591,8.445310324e-05,0.001174164128,0.009019072113,0.03578243756,0.09623498376,1.25315254e-14,4.116437374e-13,7.949094936e-12,7.628236467e-11,0.001431097618,2.09258262e-05,0.0005632563994,0.006716758108,0.03337950283,0.09995707663,3.502592925e-13,1.130745746e-11,2.14594633e-10,2.026577503e-09,0.004446867731,0.0002401813892,0.004075113724,0.03165819175,0.1130871739,0.2497080002,4.732786383e-12,1.50112036e-10,2.798934436e-09,2.600464426e-08,0.01066055951,0.001480994181,0.01697563856,0.09162439857,0.2440469719,0.410202155,1.633062771e-13,1.109636915e-11,3.940107899e-10,5.976073945e-09,0.01281711746,0.001772480816,0.02341467985,0.1263583601,0.3027428374,0.4222514018
98,0.03332883775,0.0322478268,0.02799781463,0.02232044532,0.09189410357,0.0403670295,0.07005060788,0.1041750045,0.1298388483,0.1452438564,0.04768090095,0.0461385571,0.04006147745,0.03194051647,0.1002372276,0.04160288553,0.0728951445,0.1093807669,0.1376130839,0.1552658319,0.0007786869586,0.0007568728426,0.0006601252448,0.0005284848149,0.009725448942,0.00173486982,0.004896377242,0.01143831376,0.02064269937,0.03197764983,0.0005443003547,0.0005290045002,0.0004613425518,0.0003693120124,0.008915962995,0.001683333748,0.004705309312,0.01089392972,0.0194765224,0.0299135819,0.01441981436,0.009753197179,0.005919400667,0.00339097436,0.02024231132,0.002490621451,0.004492557029,0.006925416902,0.008405108766,0.009089435473,0.02129152085,0.01440246261,0.008741988411,0.005008370457,0.02225008244,0.002573712157,0.004691433753,0.007302842862,0.008954200189,0.009773990833,0.0003699891401,0.000251353468,0.0001532230786,8.813181407e-05,0.002228910004,0.0001099248059,0.0003168920556,0.0007550026249,0.001306771018,0.001930362959,0.0002505774366,0.000170213942,0.0001037508575,5.967065023e-05,0.002027780811,0.0001063759515,0.0003034585389,0.0007159825343,0.00122663692,0.001795163291,9.419978051e-07,1.413780982e-06,1.60594132e-06,1.410707031e-06,0.002368769533,5.284232951e-05,0.000448126106,0.002417786557,0.007330931248,0.01612707437,2.601198405e-09,7.023279683e-09,1.303495169e-08,1.653961139e-08,0.0009769580311,6.807297132e-06,0.0001224476722,0.001194692196,0.005458298624,0.01643947651,1.156649336e-08,4.217475262e-08,1.101576354e-07,1.987481806e-07,0.002757971389,0.0001053528681,0.001250549729,0.00867970122,0.03276218348,0.08596357869,4.09119909e-09,1.903033802e-08,6.340939668e-08,1.43236269e-07,0.002903009115,0.0001415201815,0.00165873507,0.01137830186,0.04293244934,0.1129155557,8.533502901e-10,5.398783762e-09,2.446672022e-08,7.341300739e-08,0.002769641086,0.0001576992841,0.001819056192,0.01229419672,0.04588352688,0.119700542,2.038270715e-11,2.216173802e-10,1.656337165e-09,7.603324311e-09,0.001994460327,8.049280805e-05,0.001129020402,0.008743648233,0.03491395591,0.09442237697,1.195148928e-14,3.913756377e-13,7.534321487e-12,7.209552736e-11,0.001393732052,1.96266985e-05,0.0005352399688,0.006460621833,0.03241660034,0.09789234992,3.33170378e-13,1.074154318e-11,2.035849046e-10,1.920256152e-09,0.004339952263,0.000226892823,0.003900056848,0.03066645329,0.1106353915,0.2464402886,4.482932101e-12,1.422559041e-10,2.653731849e-09,2.466656287e-08,0.01042081856,0.00140708084,0.01633847896,0.08925139896,0.240146842,0.4073003908,1.536561208e-13,1.045128674e-11,3.714829303e-10,5.639681787e-09,0.01252401837,0.001677709041,0.02251765064,0.1233234728,0.2992705641,0.4222611329
99,0.03345786907,0.03234377186,0.02805604505,0.02234843488,0.09177215151,0.04026296842,0.06993631188,0.1040966489,0.1298450594,0.1454017223,0.04781759595,0.04622866371,0.04010313639,0.03194683333,0.10001126,0.04135804765,0.07245903653,0.1087164695,0.1367473507,0.1543056351,0.0007821211327,0.0007591502558,0.0006611878471,0.0005286538182,0.009693149867,0.001720088262,0.00485441889,0.01133977545,0.02046008393,0.03169746372,0.0005472484748,0.0005311376256,0.0004625652179,0.0003698202357,0.008894610645,0.00167454373,0.004685408056,0.01085790064,0.01942736586,0.02986842193,0.01447795716,0.009783386309,0.005932182664,0.003395369558,0.02021302281,0.002482642337,0.004481449717,0.006913000655,0.008395009079,0.009088033288,0.02135409213,0.01443101891,0.008750971653,0.005009105373,0.02219544107,0.00255621107,0.004657643918,0.007247516003,0.008881767125,0.009695265243,0.00037162554,0.0002521070637,0.0001534644802,8.815508591e-05,0.002221150438,0.0001088990386,0.000313822439,0.0007474403308,0.001292994913,0.001910038863,0.0002519600747,0.0001709138357,0.0001040317995,5.975500071e-05,0.00202276514,0.0001057648826,0.0003019508373,0.0007129415781,0.001222133376,0.001790409683,9.522794195e-07,1.424917359e-06,1.613727683e-06,1.413614457e-06,0.002357711739,5.210110745e-05,0.0004425214673,0.002390965797,0.00725645091,0.0159855873,2.639481512e-09,7.097878726e-09,1.312023166e-08,1.658578238e-08,0.0009714702884,6.683246026e-06,0.0001205077066,0.001178410901,0.00539225901,0.01627156706,1.167074564e-08,4.240650503e-08,1.103767465e-07,1.985024541e-07,0.002739665852,0.0001034044644,0.001230827776,0.008564825853,0.03239007251,0.08515137815,4.086199153e-09,1.894201618e-08,6.289905309e-08,1.41634426e-07,0.002871956506,0.0001378795276,0.001622772834,0.01117452122,0.04228661666,0.111518448,8.414009992e-10,5.305391539e-09,2.396310483e-08,7.168000577e-08,0.002725879013,0.000152213958,0.001766130846,0.01200180694,0.04498062278,0.1177787233,1.982750105e-11,2.148652314e-10,1.600542784e-09,7.324691349e-09,0.00195304372,7.68681127e-05,0.001087221991,0.008485497727,0.03408958834,0.09267655794,1.142253126e-14,3.729324934e-13,7.157752738e-12,6.830260607e-11,0.001358850822,1.84540938e-05,0.0005095340116,0.00622148281,0.03150077156,0.09588185915,3.176008619e-13,1.022615602e-11,1.935627369e-10,1.823516107e-09,0.004239757833,0.0002147839191,0.003737724374,0.02972847925,0.1082586319,0.2431408854,4.255945493e-12,1.351083065e-10,2.521428406e-09,2.344565742e-08,0.01019537553,0.001339166622,0.01574189307,0.08697800398,0.2362782,0.4041561715,1.449368672e-13,9.867181874e-12,3.510399933e-10,5.333795543e-09,0.01224807852,0.001590718024,0.02167421457,0.1203766804,0.2956617173,0.4217356783
100,0.03358046949,0.03243474436,0.02811108398,0.02237473723,0.09165541699,0.04016282936,0.06982441051,0.1040159091,0.1298415142,0.1455397377,0.04794711914,0.04631382559,0.04014229435,0.03195251781,0.09979656421,0.04112582239,0.07204467531,0.1080843144,0.1359224883,0.1533890989,0.000785381104,0.00076130564,0.0006621875999,0.0005288063625,0.009662483563,0.001706099303,0.004814635621,0.01124618413,0.0202864009,0.03143050306,0.0005500531976,0.00053316161,0.00046372066,0.0003702964341,0.008874242987,0.001666149664,0.004666258715,0.01082286613,0.01937881688,0.02982211383,0.01453321614,0.00981202136,0.00594427147,0.003399504618,0.02018502754,0.002474994559,0.004470704174,0.006900810178,0.008384821968,0.00908594909,0.02141338609,0.0144580152,0.008759421081,0.005009760188,0.02214357564,0.002539642062,0.00462562124,0.007195040461,0.008813035293,0.009620466048,0.0003731789531,0.0002528203737,0.0001536916926,8.817598589e-05,0.0022137885,0.0001079297568,0.0003109182974,0.0007402782881,0.001279939612,0.001890751676,0.0002532757015,0.0001715781089,0.0001042974342,5.983413577e-05,0.002017984022,0.000105182366,0.0003005053068,0.0007100057286,0.001217749098,0.001785700753,9.621073268e-07,1.435515381e-06,1.621091286e-06,1.416324302e-06,0.002347204371,5.140124311e-05,0.0004372001097,0.002365343946,0.007184844023,0.01584832677,2.676208341e-09,7.169053687e-09,1.320099674e-08,1.662882092e-08,0.0009662591202,6.566545483e-06,0.0001186700047,0.001162866235,0.005328669377,0.01610799577,1.176999484e-08,4.262541718e-08,1.105788942e-07,1.98257631e-07,0.002722304325,0.0001015723099,0.001212150305,0.008455136943,0.03203144214,0.08435920998,4.081317758e-09,1.88577102e-08,6.241496572e-08,1.401213836e-07,0.002842664138,0.0001344861228,0.001589000892,0.01098154483,0.04166943175,0.110168526,8.301999357e-10,5.218053437e-09,2.349338412e-08,7.006784294e-08,0.002684836126,0.0001471529534,0.001716882286,0.01172723878,0.04412475365,0.115937513,1.931416184e-11,2.086366343e-10,1.549202711e-09,7.068922944e-09,0.001914385219,7.355800035e-05,0.001048633619,0.008244423727,0.03331066642,0.09100478752,1.094103944e-14,3.561798929e-13,6.816458762e-12,6.487226127e-11,0.001326386901,1.739759471e-05,0.0004860129235,0.005999070597,0.0306342831,0.09393881767,3.034423338e-13,9.757684851e-12,1.844573658e-10,1.735668628e-09,0.004146167923,0.0002037763493,0.003587710145,0.02884559758,0.1059706478,0.2398500229,4.050110475e-12,1.286180968e-10,2.401131169e-09,2.233414837e-08,0.009984116994,0.001276948049,0.01518560449,0.08481278536,0.2324776799,0.4008390451,1.370718961e-13,9.339271937e-12,3.3252693e-10,5.056266749e-09,0.01198923253,0.001511121577,0.02088494477,0.1175369417,0.2919770545,0.4207580971
101,0.03369645254,0.03252063621,0.0281628941,0.02239935972,0.09154422288,0.04006697987,0.06971562137,0.1039339324,0.1298297361,0.1456595869,0.0480693291,0.04639398533,0.04017896068,0.03195761393,0.09959347313,0.04090651272,0.0716527277,0.1074854918,0.1351402328,0.1525184423,0.0007884623489,0.0007633370499,0.0006631245742,0.0005289435428,0.009633494356,0.001692916396,0.004777079316,0.0111576912,0.02012197537,0.03117735402,0.0005527096927,0.0005350738103,0.0004648081195,0.0003707409668,0.008854905112,0.001658172321,0.004647932655,0.0107890163,0.01933125834,0.02977528775,0.01458550508,0.009839066665,0.005955657732,0.003403379935,0.02015839646,0.002467701278,0.004460369086,0.006888929165,0.008374659694,0.009083307104,0.02146933709,0.01448343219,0.008767337865,0.005010341177,0.02209455831,0.002524021613,0.004595403537,0.007145486125,0.008748102773,0.009549717319,0.0003746472203,0.0002534927404,0.0001539047187,8.819468347e-05,0.002206833937,0.0001070176367,0.0003081823337,0.0007335245922,0.001267621622,0.001872530733,0.0002545220149,0.0001722058653,0.0001045475653,5.990809917e-05,0.002013447511,0.0001046296742,0.0002991264953,0.0007071875683,0.001213508801,0.001781075936,9.71457437e-07,1.44555605e-06,1.628026189e-06,1.418840893e-06,0.002337264355,5.074321973e-05,0.0004321711299,0.002340992861,0.007116392367,0.01571604351,2.71126956e-09,7.236648524e-09,1.327716156e-08,1.666879322e-08,0.0009613324358,6.45720807e-06,0.0001169371763,0.001148102503,0.00526780778,0.01594980402,1.186405608e-08,4.283134768e-08,1.107647365e-07,1.980159968e-07,0.002705909762,9.985645845e-05,0.001194542844,0.008350946966,0.03168790226,0.08359223269,4.076585571e-09,1.87776289e-08,6.195782604e-08,1.386982253e-07,0.002815144458,0.0001313345483,0.001557415793,0.01079965829,0.04108283661,0.1088726419,8.197393422e-10,5.136671931e-09,2.305680409e-08,6.857313779e-08,0.002646488237,0.0001424978125,0.001671220712,0.01147049414,0.04331746664,0.1141838103,1.884094943e-11,2.029076056e-10,1.502093084e-09,6.834774016e-09,0.001878428647,7.054305362e-05,0.001013125502,0.008020201004,0.03257827578,0.08941353814,1.050373571e-14,3.409959467e-13,6.507785728e-12,6.177614556e-11,0.00129627671,1.644771761e-05,0.0004645568938,0.005793068673,0.0298189444,0.09207496114,2.905961193e-13,9.332836041e-12,1.762041203e-10,1.656083157e-09,0.004059068915,0.0001937969315,0.003449597338,0.02801874509,0.1037835619,0.2366049409,3.863866128e-12,1.227385007e-10,2.292018687e-09,2.132483584e-08,0.009786923087,0.001220131576,0.01466916945,0.08276299501,0.2287787262,0.397415171,1.299918199e-13,8.86319547e-12,3.158012404e-10,4.805104814e-09,0.01174739749,0.001438539199,0.02015001603,0.1148207883,0.2882733245,0.4194102462
102,0.03380563311,0.03260133956,0.02821143739,0.02242230855,0.09143888444,0.0399757766,0.06961064038,0.1038518329,0.1298112068,0.1457629135,0.04818408493,0.04646908468,0.04021314299,0.03196216376,0.09940231468,0.04070041544,0.07128384275,0.1069211555,0.1344022617,0.1516958035,0.0007913603839,0.0007652425376,0.0006639988064,0.0005290664071,0.009606225858,0.001680552685,0.004741800105,0.01107444207,0.01996711813,0.03093857544,0.0005552131753,0.0005368715994,0.0004658268258,0.0003711541657,0.008836641068,0.001650631768,0.004630498709,0.01075653459,0.01928506015,0.02972855407,0.01463473841,0.009864486671,0.00596633197,0.003406995737,0.02013319892,0.002460784976,0.00445049165,0.006877438755,0.008364631178,0.009080228151,0.02152187977,0.01450725032,0.008774722817,0.005010854329,0.0220484603,0.002509365976,0.004567027786,0.007098920939,0.008687064454,0.009483138602,0.000376028202,0.0002541235051,0.0001541035535,8.821134067e-05,0.002200296358,0.0001061633455,0.0003056171722,0.0007271870308,0.001256056711,0.001855403927,0.0002556967343,0.0001727962138,0.0001047819945,5.997693046e-05,0.002009165432,0.0001041080369,0.0002978187865,0.0007044992206,0.001209436304,0.001776573313,9.803059333e-07,1.455020627e-06,1.634526486e-06,1.421168354e-06,0.00232790821,5.012748665e-05,0.000427443011,0.002317979809,0.007051360303,0.01558944501,2.744556809e-09,7.300509471e-09,1.334864216e-08,1.670576292e-08,0.0009566979354,6.355241891e-06,0.0001153115836,0.001134160519,0.005209932223,0.01579796579,1.195274741e-08,4.302415711e-08,1.109349086e-07,1.977797532e-07,0.002690504499,9.825690218e-05,0.001178028501,0.008252544368,0.03136095169,0.08285528601,4.072031855e-09,1.870197199e-08,6.152829322e-08,1.373659781e-07,0.002789409799,0.000128419619,0.001528012053,0.01062911355,0.04052859991,0.1076371314,8.100120916e-10,5.061156503e-09,2.265266291e-08,6.719274347e-08,0.002610813095,0.0001382313227,0.001629059032,0.01123154618,0.04256010322,0.1125238514,1.84062661e-11,1.976561301e-10,1.459008621e-09,6.621104583e-09,0.001845121607,6.780543081e-05,0.0009805743764,0.007812586222,0.03189329246,0.08790856117,1.010765609e-14,3.272705357e-13,6.229338855e-12,5.898871301e-11,0.001268460541,1.559587008e-05,0.0004450527466,0.005603129703,0.02905617138,0.09030064948,2.78972771e-13,8.948618478e-12,1.687441657e-10,1.584185155e-09,0.003978351782,0.0001847777891,0.003322968036,0.02724853282,0.1017079954,0.2334398778,3.69579851e-12,1.174269406e-10,2.193339217e-09,2.041109558e-08,0.009603672015,0.001168436641,0.01419201963,0.08083471248,0.2252116844,0.3939469537,1.236340533e-13,8.43499367e-12,3.007326735e-10,4.578477131e-09,0.01152247953,0.001372601865,0.01946928411,0.1122425194,0.2846030877,0.4177717353
103,0.03390782747,0.03267674673,0.02825667503,0.02244358857,0.09133970902,0.03988956489,0.06951014006,0.1037706871,0.1297873594,0.1458513107,0.04829124595,0.04653906424,0.04024484697,0.0319662073,0.09922341194,0.0405078221,0.07093865319,0.1063924247,0.1337101959,0.1509232434,0.0007940707629,0.0007670201468,0.0006648102924,0.000529175953,0.009580721036,0.001669021091,0.00470884662,0.01099657676,0.01982212685,0.03071470066,0.0005575589095,0.0005385523643,0.0004667759927,0.0003715363308,0.008819493852,0.001643547386,0.00461402315,0.01072559752,0.01924057836,0.02968250119,0.01468083125,0.00988824591,0.005976284552,0.003410352061,0.02010950256,0.002454267444,0.00444111749,0.006866417322,0.008354841635,0.009076829093,0.02157094888,0.01452944973,0.008781576341,0.005011305327,0.02200535198,0.002495691255,0.004540530287,0.007055411168,0.008630012429,0.009420845346,0.0003773197763,0.0002547120068,0.0001542881829,8.82261115e-05,0.002194185256,0.0001053675476,0.0003032253795,0.0007212731396,0.001245260018,0.001839397881,0.0002567976029,0.000173348269,0.0001050005202,6.004066437e-05,0.002005147387,0.0001036186432,0.000296586401,0.00070195234,0.001205554492,0.001772229517,9.886293264e-07,1.463890639e-06,1.640586266e-06,1.423310577e-06,0.00231915208,4.955446856e-05,0.0004230236956,0.002296367803,0.006989995572,0.01546919638,2.775963056e-09,7.360485256e-09,1.341535565e-08,1.673979045e-08,0.0009523631312,6.260652647e-06,0.0001137953784,0.001121077906,0.005155281749,0.0156533893,1.203588988e-08,4.320370655e-08,1.110900187e-07,1.975510137e-07,0.002676110338,9.677360357e-05,0.001162628332,0.008160195621,0.03105198371,0.08215289671,4.06768446e-09,1.863093062e-08,6.112699846e-08,1.361256291e-07,0.00276547263,0.0001257364437,0.001500782972,0.01047013402,0.04000833273,0.1064678402,8.010117905e-10,4.991424475e-09,2.228031517e-08,6.592376113e-08,0.002577790779,0.0001343375612,0.001590314043,0.01101034803,0.04185382862,0.1109632674,1.80086552e-11,1.92862132e-10,1.419762242e-09,6.426876965e-09,0.001814415871,6.532883688e-05,0.0009508643723,0.007621327406,0.03125641827,0.08649495716,9.750132574e-15,3.149046108e-13,5.978966441e-12,5.648703999e-11,0.00124288295,1.483430682e-05,0.0004273946042,0.00542888935,0.02834704852,0.08862498092,2.684915858e-13,8.602329042e-12,1.620242495e-10,1.519453888e-09,0.003903913658,0.000176656437,0.003207411596,0.02653530843,0.09975320638,0.2303861201,3.544632799e-12,1.12644859e-10,2.104408741e-09,1.958687124e-08,0.009434244342,0.001121598143,0.01375350142,0.07903299386,0.2218039375,0.3904927944,1.179423986e-13,8.051091529e-12,2.872028682e-10,4.374707714e-09,0.01131437987,0.001312956775,0.01884235953,0.1098144145,0.2810146511,0.4159190625
104,0.03400285332,0.03274675009,0.02829856715,0.02246320313,0.09124699573,0.03980867833,0.06941476787,0.1036915297,0.1297595712,0.1459263109,0.04839067142,0.04660386314,0.04027407607,0.03196978236,0.09905708347,0.04032901986,0.07061777695,0.1059003863,0.1330656033,0.1502027479,0.0007965890746,0.0007686679055,0.0006655589812,0.0005292731234,0.009557022272,0.001658334398,0.004678266256,0.01092423055,0.01968728738,0.03050623956,0.000559742212,0.0005401135036,0.0004676548133,0.0003718877267,0.008803505412,0.001636937889,0.004598569655,0.01069637436,0.01919815418,0.02963769346,0.01472369939,0.009910308976,0.00598550565,0.00341344873,0.02008737333,0.002448169766,0.004432290583,0.006855940268,0.00834539221,0.009073222295,0.02161647919,0.01455001007,0.008787898385,0.005011699535,0.02196530301,0.00248301348,0.004515946807,0.007015021671,0.008577036382,0.009362949341,0.000378519838,0.0002552575792,0.0001544585823,8.82391414e-05,0.002188510023,0.000104630911,0.0003010094855,0.0007157902587,0.001235246174,0.001824538128,0.0002578223892,0.0001738611496,0.0001052029366,6.009933018e-05,0.002001402751,0.0001031626429,0.0002954333974,0.0006995581038,0.001201885283,0.001768079631,9.964045089e-07,1.472147885e-06,1.646199585e-06,1.425271178e-06,0.002311011762,4.902457443e-05,0.00041892066,0.002276215936,0.006932530182,0.01535592147,2.80538296e-09,7.416427304e-09,1.347721981e-08,1.677093235e-08,0.0009483353683,6.173445618e-06,0.0001123905381,0.001108889408,0.005104077629,0.01551691912,1.211330758e-08,4.33698562e-08,1.112306434e-07,1.973317982e-07,0.002662748638,9.540652691e-05,0.00114836171,0.008074147307,0.03076229201,0.08148928685,4.063569831e-09,1.856468783e-08,6.075454946e-08,1.349781423e-07,0.002743345788,0.0001232804815,0.001475721421,0.01032291957,0.03952350448,0.1053701542,7.927328804e-10,4.927401805e-09,2.193917614e-08,6.476355269e-08,0.002547404088,0.0001308019315,0.001554907525,0.01080684109,0.04119966065,0.109507144,1.764679994e-11,1.885074484e-10,1.384184705e-09,6.251153141e-09,0.001786267745,6.309849151e-05,0.0009238877754,0.007446172661,0.03066821475,0.08517724728,9.428776487e-15,3.038095471e-13,5.754745093e-12,5.42506591e-11,0.001219493121,1.415608585e-05,0.0004114844026,0.005269978688,0.02769238864,0.08705591376,2.590801541e-13,8.291538825e-12,1.559964546e-10,1.461420233e-09,0.003835659328,0.0001693758091,0.003102531951,0.02587921499,0.09792723433,0.227472099,3.409225878e-12,1.083575452e-10,2.024608876e-09,1.884666449e-08,0.009278527038,0.001079368456,0.01335291159,0.07736201936,0.2185800785,0.3871069451,1.128666544e-13,7.708279163e-12,2.751049585e-10,4.192274785e-09,0.01112300074,0.001259271218,0.01826867546,0.1075469573,0.2775520996,0.4139249234
105,0.03409052984,0.03281124191,0.02833707268,0.02248115388,0.09116103507,0.03973343836,0.06932514451,0.1036153502,0.1297291576,0.1459893762,0.04848222028,0.04666341876,0.04030083132,0.03197292433,0.09890364357,0.04016429239,0.07032181868,0.1054460972,0.1324700013,0.1495362316,0.0007989109385,0.0007701838201,0.0006662447683,0.0005293588023,0.009535171434,0.001648505339,0.004650105426,0.01085753457,0.01956287495,0.03031368048,0.0005617584555,0.000541552426,0.000468462456,0.0003722085779,0.008788716635,0.001630821343,0.004584199281,0.01066902688,0.01915811324,0.02959466918,0.0147632594,0.009930640496,0.005993985213,0.003416285326,0.02006687538,0.002442512308,0.00442405318,0.006846079825,0.008336379633,0.009069515087,0.02165840536,0.01456891053,0.008793688392,0.005012041975,0.02192838235,0.002471348679,0.004493312743,0.006977816169,0.008528223986,0.009309559145,0.0003796262969,0.0002557595494,0.0001546147154,8.82505667e-05,0.002183279967,0.0001039541137,0.0002989720037,0.0007107455887,0.001226029406,0.001810849288,0.000258768889,0.0001743339787,0.0001053890332,6.015295114e-05,0.001997940675,0.0001027411487,0.0002943636732,0.0006973272035,0.001198449594,0.001764157108,1.003608811e-06,1.479774445e-06,1.651360429e-06,1.427053465e-06,0.002303502743,4.85382064e-05,0.0004151409866,0.00225757973,0.00687918132,0.01525020415,2.832713246e-09,7.468189953e-09,1.353415283e-08,1.679924064e-08,0.0009446218458,6.093627582e-06,0.0001110989017,0.001097627198,0.005056524611,0.01538933868,1.218482775e-08,4.352246385e-08,1.113573231e-07,1.971240295e-07,0.002650440403,9.415566839e-05,0.001135246675,0.007994628223,0.03049307708,0.08086838384,4.059712995e-09,1.850341907e-08,6.041153463e-08,1.339244752e-07,0.00272304272,0.0001210475937,0.001452820591,0.01018765136,0.03907545899,0.1043490301,7.851707351e-10,4.869023869e-09,2.162872571e-08,6.370975313e-08,0.002519638923,0.0001276111965,0.001522767229,0.01062096281,0.04059849763,0.1081600816,1.731952247e-11,1.845758062e-10,1.352124284e-09,6.093092318e-09,0.001760638425,6.110109656e-05,0.0008995456815,0.007286878187,0.0301291356,0.0839594448,9.141463407e-15,2.939065582e-13,5.55496627e-12,5.226140728e-11,0.001198245208,1.355502591e-05,0.0003972322885,0.005126035327,0.02709278966,0.08560039213,2.506739469e-13,8.014080324e-12,1.506179667e-10,1.409664567e-09,0.00377350262,0.0001628842449,0.003007953938,0.025280246,0.09623704748,0.2247235234,3.288559461e-12,1.045339713e-10,1.953384773e-09,1.818552359e-08,0.009136417333,0.001041519045,0.01298952956,0.07582523696,0.2155621088,0.3838394494,1.083622502e-13,7.403693834e-12,2.643431664e-10,4.029807691e-09,0.01094825082,0.001211235671,0.01774754968,0.1054490619,0.2742554049,0.4118576756
106,0.03417067769,0.03287011429,0.02837214912,0.02249744059,0.09108210867,0.03966415386,0.06924186227,0.1035430886,0.1296973647,0.1460418884,0.04856575086,0.04671766636,0.04032511101,0.0319756661,0.09876340259,0.04001392073,0.07005137125,0.1050305866,0.1319248605,0.1489255401,0.0008010320023,0.0007715658683,0.0006668674894,0.0005294338113,0.009515209936,0.001639546677,0.004624409813,0.01079661646,0.01944915551,0.03013749221,0.0005636030719,0.000542866548,0.0004691980599,0.0003724990647,0.008775167346,0.001625215187,0.004570970441,0.01064370915,0.0191207647,0.02955393863,0.01479942856,0.009949205099,0.006001712926,0.003418861172,0.02004807103,0.002437314706,0.004416445732,0.006836904853,0.008327895863,0.009065809233,0.02169666181,0.01458612962,0.008798945253,0.005012337312,0.02189465843,0.002460712955,0.004472663266,0.006943857514,0.008483661288,0.009260780522,0.000380637076,0.0002562172354,0.0001547565327,8.826051402e-05,0.002178504336,0.0001033378496,0.0002971154522,0.0007061462451,0.001217623659,0.001798355242,0.0002596349275,0.0001747658831,0.0001055585932,6.020154384e-05,0.001994770086,0.0001023552381,0.0002933809663,0.0006952698383,0.001195267313,0.001760493678,1.010220054e-06,1.486752683e-06,1.656062678e-06,1.428660398e-06,0.002296640225,4.809576826e-05,0.0004116914356,0.002240511482,0.0068301523,0.01515258982,2.857853077e-09,7.51563065e-09,1.358607282e-08,1.682476215e-08,0.0009412296374,6.02120865e-06,0.0001099222039,0.001087321187,0.005012812189,0.01527137308,1.225028076e-08,4.366138347e-08,1.114705576e-07,1.969295283e-07,0.002639206365,9.302108502e-05,0.001123300283,0.007921851461,0.03024545269,0.08029383178,4.056137572e-09,1.844729268e-08,6.009852734e-08,1.329655936e-07,0.002704577708,0.0001190340939,0.001432074693,0.01006449654,0.03866543022,0.1034090281,7.783217574e-10,4.816236208e-09,2.13485123e-08,6.276028246e-08,0.002494484657,0.0001247535073,0.001493827797,0.01045265399,0.04005114511,0.1069262547,1.702578327e-11,1.810528035e-10,1.323446488e-09,5.951948794e-09,0.00173749434,5.932480461e-05,0.000877748575,0.00714321564,0.02963955731,0.08284512531,8.886319821e-15,2.851261727e-13,5.378124194e-12,5.050328918e-11,0.001179098669,1.302566639e-05,0.0003845569252,0.004996713343,0.02654868807,0.08426447251,2.43215943e-13,7.768035783e-12,1.458508594e-10,1.363814796e-09,0.003717367737,0.0001571354481,0.002923328803,0.02473829641,0.09468868865,0.2221635399,3.181733846e-12,1.011466392e-10,1.890243109e-09,1.759903175e-08,0.009007826367,0.001007841761,0.01266264643,0.07442550046,0.2127696526,0.380736155,1.043899138e-13,7.134803098e-12,2.54832401e-10,3.886083482e-09,0.0107900505,0.001168566291,0.01727824059,0.1035282991,0.2711605943,0.4097809424
107,0.03424311909,0.03292325899,0.02840375241,0.022512061,0.09101048888,0.03960112069,0.06916548335,0.1034756317,0.1296653632,0.1460851395,0.04864112053,0.04676653882,0.04034691047,0.03197803791,0.09863666716,0.03987818418,0.06980701719,0.1046548577,0.1314316065,0.1483724536,0.0008029479385,0.0007728119922,0.0006674269139,0.0005294989047,0.009497178803,0.001631471294,0.004601224618,0.01074160099,0.01934638685,0.02997812588,0.0005652715558,0.0005440532915,0.0004698607301,0.0003727593192,0.008762896302,0.001620136246,0.004558938879,0.01062056718,0.01908640047,0.0295159822,0.014832125,0.00996596739,0.006008678182,0.003421175304,0.02003102071,0.002432595851,0.004409506815,0.006828480639,0.008320027745,0.009062200409,0.02173118255,0.01460164518,0.008803667253,0.005012589834,0.02186419922,0.002451122562,0.004454033479,0.006913207948,0.008443433093,0.00921671686,0.0003815501105,0.0002566299441,0.0001548839702,8.826909973e-05,0.00217419233,0.0001027828348,0.0002954423731,0.0007019993126,0.001210042696,0.001787079304,0.0002604183605,0.0001751559925,0.0001057113934,6.024511762e-05,0.001991899687,0.0001020059549,0.0002924888562,0.0006933957073,0.001192357266,0.00175711927,1.01621661e-06,1.493065263e-06,1.660300072e-06,1.430094554e-06,0.002290439165,4.769767382e-05,0.0004085785143,0.002225060597,0.006785633504,0.01506358684,2.880704437e-09,7.558610165e-09,1.363289756e-08,1.684753788e-08,0.0009381657116,5.956204036e-06,0.0001088621086,0.001077999326,0.004973115879,0.01516369201,1.230950019e-08,4.378646367e-08,1.115708018e-07,1.967500091e-07,0.002629067073,9.200292244e-05,0.001112538942,0.007856016442,0.03002045249,0.0797690036,4.052865764e-09,1.839647036e-08,5.981608995e-08,1.32102488e-07,0.002687966102,0.000117236794,0.001413479633,0.009953612723,0.03829455774,0.1025543445,7.721834735e-10,4.768995286e-09,2.109815673e-08,6.191335761e-08,0.002471934503,0.0001222184316,0.001468031619,0.0103018657,0.03955834151,0.1058094699,1.6764681e-11,1.779258978e-10,1.298033844e-09,5.827070184e-09,0.001716807499,5.775919047e-05,0.000858416847,0.00701497891,0.02919980807,0.08183749484,8.661711518e-15,2.774077769e-13,5.222905235e-12,4.896235637e-11,0.001162018577,1.256323041e-05,0.0003733857325,0.004881692164,0.02606040875,0.083053448,2.366563032e-13,7.551726871e-12,1.416619024e-10,1.323544571e-09,0.003667190528,0.0001520884321,0.002848338991,0.02425320972,0.09328741751,0.219812909,3.087962369e-12,9.817144342e-11,1.834750231e-09,1.708329592e-08,0.008892682666,0.0009781498983,0.0123715911,0.07316520043,0.2102201804,0.3778387792,1.009153729e-13,6.899389425e-12,2.464978801e-10,3.760023456e-09,0.01064833679,0.001131006903,0.01685999763,0.1017911146,0.268299961,0.4077533329
108,0.03430767781,0.03297056736,0.02843183668,0.0225250106,0.09094643842,0.03954462129,0.06909653812,0.1034138091,0.1296342411,0.1461203217,0.04870818546,0.04680996623,0.04036622179,0.03198006713,0.0985237405,0.03975736109,0.06958933011,0.1043198905,0.1309916238,0.1478786892,0.0008046544406,0.0007739200919,0.0006679227382,0.0005295547662,0.009481118738,0.001624292267,0.0045805948,0.01069261059,0.01925481984,0.02983601685,0.0005667594682,0.0005451100818,0.0004704495334,0.000372989421,0.008751941178,0.001615600755,0.004548157638,0.0105997388,0.0190552944,0.02948124848,0.01486126762,0.009980891918,0.006014870037,0.003423226446,0.02001578289,0.002428373875,0.004403273048,0.006820868693,0.008312856655,0.009058777675,0.02176190112,0.01461543421,0.008807852022,0.005012803434,0.02183707229,0.002442593973,0.004437458561,0.006885929368,0.008407623331,0.009177469577,0.000382363346,0.0002569969689,0.000154996948,8.827642932e-05,0.00217035312,0.0001022898138,0.0002939553526,0.0006983118973,0.00120330021,0.001777044381,0.0002611170771,0.0001755034393,0.0001058472027,6.028367387e-05,0.001989337959,0.0001016943112,0.0002916907648,0.0006917140016,0.00118973719,0.001754061927,1.021577454e-06,1.498695144e-06,1.664066178e-06,1.431358088e-06,0.002284914296,4.734435494e-05,0.0004058085436,0.002211273914,0.006745803289,0.01498366805,2.90117251e-09,7.596992795e-09,1.367454402e-08,1.686760233e-08,0.0009354369516,5.898635761e-06,0.0001079202411,0.001069687893,0.004937598464,0.01506691265,1.23623229e-08,4.389754626e-08,1.11658461e-07,1.965870755e-07,0.002620042971,9.110144162e-05,0.001102978723,0.00779731087,0.02981903631,0.0792970132,4.049918355e-09,1.83511076e-08,5.956477775e-08,1.313361874e-07,0.002673224542,0.0001156530501,0.001397033649,0.009855152211,0.03796390148,0.1017888433,7.667546278e-10,4.727269229e-09,2.087735608e-08,6.116750459e-08,0.002451985874,0.000119996982,0.001445329636,0.01016856572,0.03912078221,0.1048132216,1.653545284e-11,1.751844004e-10,1.275785751e-09,5.717896063e-09,0.001698555825,5.639522729e-05,0.0008414812725,0.006901990375,0.02881019477,0.08093945475,8.466233803e-15,2.706992249e-13,5.088178799e-12,4.762660337e-11,0.001146975944,1.2163592e-05,0.0003636550837,0.004780684517,0.02562821115,0.08197196823,2.309520915e-13,7.363705836e-12,1.380223952e-10,1.288571731e-09,0.003622919708,0.0001477074613,0.002782702367,0.02382482109,0.09203784673,0.2176901895,3.006566625e-12,9.558755198e-11,1.786530537e-09,1.663493674e-08,0.008790935465,0.0009522790764,0.0121157537,0.07204638697,0.2079292322,0.3751850134,9.790909487e-14,6.695536604e-12,2.392747892e-10,3.650689908e-09,0.01052306805,0.001098330621,0.01649210652,0.1002430384,0.2657023011,0.405828256
109,0.03436417924,0.03301193013,0.02845635411,0.02253628248,0.09089021001,0.03949492416,0.06903552342,0.1033583893,0.1296049973,0.1461485179,0.04876680031,0.04684787562,0.04038303357,0.03198177813,0.09842492262,0.03965172976,0.06939887608,0.104026643,0.1306062577,0.1474459034,0.0008061472203,0.000774888018,0.0006683545789,0.0005296020035,0.009467070172,0.001618022953,0.004562565314,0.01064976597,0.01917469953,0.02971158643,0.0005680624399,0.0005460343456,0.0004709634934,0.0003731893924,0.008742338558,0.001611624366,0.004538677028,0.01058135325,0.01902770147,0.02945015237,0.0148867762,0.00999394315,0.006020277184,0.003425012986,0.020002414,0.002424666134,0.004397779012,0.006814126538,0.008306458151,0.009055622943,0.02178875039,0.0146274728,0.008811496486,0.005012981586,0.02181334495,0.002435143956,0.004422973909,0.006862083564,0.00837631542,0.009143138518,0.0003830747366,0.0002573175881,0.0001550953689,8.828259678e-05,0.002166995864,0.0001018595652,0.00029265704,0.000695091178,0.001197409924,0.00176827314,0.000261729001,0.000175807358,0.0001059657814,6.031720548e-05,0.001987093154,0.0001014212887,0.0002909899571,0.000690233396,0.001187423697,0.001751347722,1.026282227e-06,1.5036256e-06,1.667354353e-06,1.432452698e-06,0.002280080158,4.703626932e-05,0.000403387722,0.002199196018,0.006710828864,0.0149132722,2.919166074e-09,7.630646582e-09,1.371092812e-08,1.688498284e-08,0.0009330501735,5.848534286e-06,0.0001070982177,0.001062411768,0.004906411176,0.01498160262,1.240858903e-08,4.399446479e-08,1.117338868e-07,1.964422155e-07,0.002612154484,9.03170446e-05,0.001094635673,0.007745912588,0.02964209633,0.07888072737,4.047314703e-09,1.831135412e-08,5.934514271e-08,1.306677745e-07,0.00266037118,0.0001142808061,0.001382737908,0.009769266066,0.03767445572,0.1011160865,7.620352774e-10,4.69103858e-09,2.06858877e-08,6.052157109e-08,0.00243464075,0.0001180816477,0.001425682106,0.01005274462,0.03873914234,0.1039407445,1.633747549e-11,1.728194805e-10,1.256618416e-09,5.623957096e-09,0.001682723507,5.522526867e-05,0.0008268834671,0.006804106703,0.02847102807,0.08015366301,8.2987036e-15,2.649565211e-13,4.972989815e-12,4.648588101e-11,0.00113394803,1.182324789e-05,0.0003553104816,0.004693443596,0.0252523316,0.08102415261,2.260670503e-13,7.202748296e-12,1.349080319e-10,1.258657029e-09,0.003584518053,0.0001439620006,0.002726175972,0.02345299681,0.0909440701,0.2158119234,2.936972511e-12,9.337730802e-11,1.745265142e-09,1.625108051e-08,0.008702557897,0.0009300880044,0.01189460667,0.07107088355,0.2059106354,0.3728086497,9.534606689e-14,6.521618228e-12,2.331079912e-10,3.55728335e-09,0.01041422842,0.001070341201,0.01617392964,0.09888888018,0.2633931612,0.4040538057
110,0.03441245045,0.0330472374,0.02847725466,0.0225458671,0.0908420459,0.03945228337,0.06898290067,0.1033100754,0.1295785349,0.1461706916,0.0488168179,0.04688019062,0.04039733062,0.03198319214,0.09834051056,0.03956156916,0.06923621488,0.1037760534,0.1302768165,0.1470756947,0.0008074220041,0.0007757135652,0.0006687219662,0.0005296411444,0.009455073329,0.001612677062,0.004547181329,0.01061318664,0.0191062662,0.02960524352,0.0005691761755,0.000546823509,0.0004714015861,0.0003733591943,0.008734123918,0.001608222165,0.004530544578,0.01056553102,0.01900385692,0.02942307314,0.01490857141,0.01000508544,0.006024887906,0.00342653295,0.01999096841,0.002421489191,0.004393057161,0.006808307499,0.008300901603,0.009052810446,0.02181166246,0.01463773604,0.008814596806,0.005013127331,0.02179308427,0.002428789646,0.004410615282,0.006841732466,0.008349592605,0.00911382232,0.0003836822438,0.000257591062,0.0001551791167,8.8287684e-05,0.002164129729,0.0001014929078,0.0002915501665,0.0006923444549,0.001192385692,0.001760788151,0.000262252093,0.0001760668848,0.0001060668802,6.034569608e-05,0.0019851733,0.0001011878405,0.0002903895409,0.0006889620381,0.001185432244,0.001749000673,1.030311285e-06,1.507840218e-06,1.670157707e-06,1.433379584e-06,0.002275951128,4.677390791e-05,0.0004013221852,0.00218886952,0.006680867077,0.01485280526,2.934597884e-09,7.659443527e-09,1.374196428e-08,1.689969895e-08,0.0009310121447,5.805940085e-06,0.0001063976749,0.001056194693,0.004879694795,0.01490828253,1.244814214e-08,4.407704306e-08,1.117973721e-07,1.963167966e-07,0.002605422087,8.965029917e-05,0.001087526092,0.007701991311,0.02949046265,0.07852277657,4.045072724e-09,1.827735419e-08,5.915773696e-08,1.300983988e-07,0.002649425893,0.000113118637,0.001370597091,0.009696107854,0.03742716214,0.1005393627,7.580268883e-10,4.660297068e-09,2.052361326e-08,5.997473981e-08,0.002419906038,0.0001164664286,0.001409059347,0.009954421453,0.03841409781,0.103195063,1.617026675e-11,1.708241782e-10,1.240464883e-09,5.544874726e-09,0.001669301351,5.424303825e-05,0.0008145763377,0.006721224271,0.02818264566,0.07948259079,8.158153538e-15,2.601435768e-13,4.876552871e-12,4.55318279e-11,0.001122918672,1.153929452e-05,0.0003483067333,0.004619769573,0.02493302205,0.08021369555,2.219714295e-13,7.067847804e-12,1.322987974e-10,1.233603152e-09,0.003551963575,0.0001408266818,0.002678559442,0.02313767013,0.09000978107,0.2141928129,2.878707173e-12,9.152615534e-11,1.710690906e-09,1.592935365e-08,0.008627550063,0.0009114591994,0.01170772384,0.07024039145,0.2041767096,0.3707397158,9.320561954e-14,6.376288495e-12,2.27951797e-10,3.479140389e-09,0.01032183207,0.001046874241,0.01590494224,0.09773291081,0.261395083,0.4024726936
111,0.03445232021,0.03307637841,0.02849448594,0.02255375213,0.09080217749,0.03941693797,0.06893909398,0.103269501,0.1295556535,0.1461876774,0.04885808894,0.04690683108,0.04040909368,0.03198432701,0.09827079857,0.0394871597,0.06910190114,0.1035690416,0.1300045741,0.146769605,0.0008084745304,0.000776394465,0.0006690243366,0.0005296726319,0.009445168274,0.001608268734,0.004534488441,0.01058299138,0.01904975636,0.02951738611,0.000570096457,0.0005474749952,0.000471762735,0.0003734987216,0.008727331603,0.00160540868,0.004523804984,0.01055238344,0.01898397538,0.02940035247,0.01492657484,0.01001428301,0.006028690047,0.003427783978,0.01998149826,0.002418858788,0.004389137733,0.00680346047,0.008296249825,0.00905040619,0.02183056852,0.01464619789,0.008817148331,0.005013243246,0.02177635723,0.002423548607,0.004400418929,0.006824938363,0.008327538278,0.009089618753,0.0003841838351,0.0002578166311,0.0001552480552,8.829176003e-05,0.002161763896,0.000101190706,0.000290637563,0.0006900791968,0.001188241586,0.001754612033,0.0002626843529,0.000176281157,0.0001061502393,6.036911947e-05,0.001983586193,0.0001009948915,0.0002898924659,0.0006879075365,0.001183777093,0.001747042647,1.03364577e-06,1.511322915e-06,1.672469075e-06,1.434139408e-06,0.002272541438,4.655780217e-05,0.0003996180627,0.002180335325,0.006656065124,0.01480264144,2.947385066e-09,7.683259819e-09,1.376756511e-08,1.691176172e-08,0.0009293295998,5.770905162e-06,0.0001058202959,0.001051059498,0.00485758064,0.01484742835,1.248082921e-08,4.414509368e-08,1.118491468e-07,1.962120605e-07,0.002599866384,8.910196283e-05,0.001081666808,0.007665710202,0.02936490836,0.07822556448,4.043208872e-09,1.824924695e-08,5.900311621e-08,1.296292901e-07,0.002640410498,0.0001121657919,0.001360619933,0.009635837158,0.03722292173,0.1000617121,7.547324321e-10,4.635052401e-09,2.039048305e-08,5.952654279e-08,0.002407793946,0.0001151468764,0.001395442469,0.00987364915,0.03814634487,0.1025790351,1.603348805e-11,1.691934289e-10,1.227275175e-09,5.480361478e-09,0.001658287151,5.344362834e-05,0.0008045245472,0.006653284258,0.02794543359,0.07892857409,8.043828111e-15,2.562320443e-13,4.798248087e-12,4.475782091e-11,0.001113878623,1.130941089e-05,0.0003426081426,0.004559515579,0.02467058498,0.07954396182,2.186418777e-13,6.958212344e-12,1.301789022e-10,1.213254095e-09,0.003525250681,0.0001382812952,0.002639698198,0.02287887384,0.08923838031,0.2128458832,2.831396901e-12,9.002258995e-11,1.682599874e-09,1.566788042e-08,0.008565942016,0.0008962997026,0.01155479783,0.06955658437,0.2027384549,0.369004603,9.147129576e-14,6.258475593e-12,2.237698111e-10,3.415732466e-09,0.01024592733,0.001027798304,0.01568476484,0.09677902529,0.2597278323,0.4011222053
112,0.03448361903,0.03309924152,0.02850799296,0.02255992222,0.09077082476,0.03938911142,0.06890448816,0.1032372261,0.1295370431,0.1462001706,0.04889046173,0.04692771278,0.04041829914,0.03198519705,0.0982160783,0.03942878394,0.06899648541,0.1034065103,0.1297907711,0.1465291209,0.0008093005466,0.0007769283793,0.0006692610258,0.0005296968193,0.009437394958,0.001604812613,0.004524532873,0.01055929875,0.01900540354,0.02944840248,0.0005708191485,0.0005479862228,0.0004720458065,0.0003736077982,0.008721994797,0.00160319788,0.004518500036,0.01054201238,0.01896824988,0.02938229233,0.01494070903,0.0100214999,0.006031670974,0.003428763292,0.01997405347,0.002416789825,0.004386048642,0.006799629681,0.00829255868,0.009048467397,0.02184539873,0.01465283111,0.008819145533,0.005013331425,0.02176323073,0.002419438903,0.004392421718,0.006811764117,0.008310236276,0.009070625029,0.0003845774824,0.0002579935142,0.0001553020262,8.829488042e-05,0.002159907585,0.0001009538758,0.0002899221774,0.0006883030844,0.001184991991,0.001749767582,0.0002630238219,0.0001764493127,0.0001062155875,6.038743885e-05,0.001982339394,0.00010084334,0.0002895015219,0.0006870769454,0.001182471267,0.001745493267,1.036267657e-06,1.514057946e-06,1.674280977e-06,1.434732259e-06,0.002269865198,4.63885308e-05,0.0003982815283,0.002173632848,0.006636561133,0.01476312404,2.957449514e-09,7.701976075e-09,1.378764107e-08,1.692117306e-08,0.0009280092557,5.743494509e-06,0.0001053678352,0.001047028318,0.004840191418,0.01479947333,1.250650079e-08,4.419841672e-08,1.11889373e-07,1.961291173e-07,0.00259550817,8.867300567e-05,0.00107707542,0.007637227276,0.02926615377,0.07799127529,4.04173811e-09,1.822716671e-08,5.888184269e-08,1.292617711e-07,0.002633348963,0.0001114222385,0.001352819747,0.009588622793,0.03706260534,0.09968594866,7.521564868e-10,4.615327087e-09,2.02865406e-08,5.917687702e-08,0.002398322355,0.0001141201414,0.001384824097,0.009810519539,0.03793661779,0.1020953923,1.592694777e-11,1.679241005e-10,1.217016549e-09,5.430221949e-09,0.001649686068,5.282350871e-05,0.0007967050059,0.006600277493,0.02775984573,0.07849385966,7.955182021e-15,2.53201235e-13,4.737618823e-12,4.41589455e-11,0.001106825898,1.113184769e-05,0.0003381887365,0.004512593283,0.02446540488,0.07901807101,2.160613952e-13,6.873262921e-12,1.285367562e-10,1.197494928e-09,0.003504391353,0.0001363108159,0.002609486511,0.02267676971,0.08863307101,0.2117826246,2.794766051e-12,8.885814065e-11,1.660839179e-09,1.546528441e-08,0.008517796665,0.0008845418502,0.01143565596,0.06902119278,0.2016057161,0.3676261749,9.013076869e-14,6.167377914e-12,2.205348599e-10,3.366665661e-09,0.01018660054,0.001013016064,0.01551319234,0.09603088776,0.2584086011,0.4000341598
113,0.03450617931,0.03311571402,0.02851771798,0.02256435882,0.09074819577,0.0393690108,0.06887942654,0.103213732,0.1295232758,0.1462087174,0.04891378189,0.04694274703,0.04042491875,0.03198581283,0.09817663886,0.03938672721,0.06892051504,0.1032893464,0.129636616,0.1463556745,0.0008098958071,0.0007773128932,0.0006694312619,0.0005297139647,0.009431793263,0.001602323913,0.004517361656,0.01054222742,0.01897343912,0.02939867235,0.0005713402003,0.0005483546043,0.0004722496055,0.0003736861725,0.008718145492,0.001601603177,0.00451466853,0.01053450983,0.01895685082,0.02936915286,0.01495089755,0.01002669998,0.006033817532,0.003429467673,0.01996868156,0.002415296328,0.00438381537,0.006796854443,0.008289876672,0.009047041932,0.02185608207,0.01465760714,0.008820581958,0.005013393454,0.02175377167,0.00241647916,0.004386661254,0.006802273353,0.008297771152,0.009056938078,0.0003848611613,0.0002581209058,0.0001553408483,8.829708642e-05,0.002158570062,0.0001007833898,0.0002894070907,0.0006870240526,0.001182651677,0.001746277887,0.0002632685846,0.0001765704904,0.000106262641,6.040060616e-05,0.001981440223,0.0001007340578,0.0002892193354,0.000686476747,0.001181526504,0.001744369801,1.038159826e-06,1.516029916e-06,1.675585591e-06,1.435157611e-06,0.002267936416,4.626672627e-05,0.000397318846,0.002168800215,0.006622484609,0.01473456595,2.964718281e-09,7.715477592e-09,1.380210019e-08,1.692792502e-08,0.0009270578248,5.723787504e-06,0.000105042141,0.001044122765,0.00482764191,0.01476480931,1.252501107e-08,4.423679827e-08,1.119181402e-07,1.960689391e-07,0.002592368497,8.836463268e-05,0.001073770523,0.007616696598,0.02919486981,0.07782187868,4.040673872e-09,1.821124307e-08,5.879448804e-08,1.289972697e-07,0.00262826761,0.0001108887076,0.001347214928,0.009554645728,0.0369470628,0.09941467716,7.503053393e-10,4.601159295e-09,2.021192749e-08,5.892602153e-08,0.002391515202,0.0001133850293,0.001377209114,0.009765168138,0.03778570479,0.1017467733,1.58506056e-11,1.670150446e-10,1.209673888e-09,5.394354568e-09,0.001643511046,5.238054734e-05,0.0007911074089,0.006562249085,0.02762642136,0.07818064454,7.891880874e-15,2.510381245e-13,4.694371327e-12,4.373198735e-11,0.001101766166,1.100542349e-05,0.0003350325433,0.004478978169,0.02431797613,0.07863896957,2.142193576e-13,6.812634426e-12,1.273649866e-10,1.186251971e-09,0.003489416331,0.0001349054707,0.002587870531,0.02253167495,0.08819694078,0.2110131083,2.768637088e-12,8.802738132e-11,1.645311488e-09,1.532069436e-08,0.008483212625,0.0008761441429,0.01135027509,0.06863607791,0.2007873203,0.3666238427,8.91758114e-14,6.102463374e-12,2.182290159e-10,3.331681715e-09,0.0101439799,0.001002465554,0.01539022035,0.09549205595,0.2574521703,0.3992348495
114,0.03451983532,0.03312568206,0.02852360021,0.02256703996,0.09073448605,0.03935682615,0.06886420864,0.1031994172,0.1295147989,0.1462137045,0.04892789207,0.0469518404,0.0404289193,0.03198618097,0.09815276696,0.03936127821,0.06887453486,0.1032184215,0.1295432859,0.1462506432,0.0008102560707,0.0007775455087,0.0006695341575,0.0005297242257,0.009428403034,0.001600818485,0.004513022788,0.01053189658,0.01895409289,0.02936856761,0.0005716556538,0.0005485775443,0.0004723728699,0.0003737335126,0.008715814439,0.00160063742,0.004512346159,0.01052995747,0.01894992482,0.02936114996,0.014957065,0.01002984689,0.006035116016,0.00342989343,0.01996542756,0.002414391411,0.004382460845,0.006795168874,0.008288244517,0.009046167709,0.02186254626,0.01466049601,0.008821450157,0.005013430379,0.02174804704,0.002414688628,0.004383175986,0.006796530635,0.008290228406,0.009048654764,0.0003850328499,0.0002581979743,0.0001553643152,8.829840421e-05,0.002157760651,0.0001006802829,0.0002890955331,0.0006862503274,0.001181235876,0.001744166438,0.0002634167721,0.0001766438289,0.0001062911029,6.040856131e-05,0.001980895752,0.0001006678905,0.0002890483655,0.0006861128294,0.001180953201,0.001743687047,1.039306118e-06,1.517223798e-06,1.676374715e-06,1.435414277e-06,0.002266769008,4.619308087e-05,0.0003967364099,0.002165874396,0.00661395672,0.01471724966,2.969123972e-09,7.72365461e-09,1.38108477e-08,1.693199915e-08,0.0009264820257,5.711879263e-06,0.0001048451755,0.001042364077,0.004820039456,0.01474378743,1.253621806e-08,4.426000916e-08,1.119354608e-07,1.960323532e-07,0.002590468726,8.817830505e-05,0.001071771911,0.007604269255,0.02915168033,0.07771913156,4.040028012e-09,1.820160103e-08,5.874163568e-08,1.288373298e-07,0.002625195314,0.0001105667397,0.001343829426,0.009534101672,0.0368771304,0.09925030609,7.491870929e-10,4.592603773e-09,2.016688864e-08,5.877465623e-08,0.002387402875,0.0001129420678,0.001372615424,0.009737778627,0.03769446196,0.1015357514,1.580457799e-11,1.664671629e-10,1.20525025e-09,5.372754209e-09,0.001639783244,5.211404437e-05,0.0007877348307,0.00653930291,0.02754580073,0.07799110876,7.853804372e-15,2.497374526e-13,4.668376488e-12,4.347544654e-11,0.001098713144,1.092952835e-05,0.0003331339366,0.004458714619,0.02422892733,0.07840948925,2.131116143e-13,6.776178989e-12,1.266605055e-10,1.179493456e-09,0.00348037633,0.0001340608555,0.002574851374,0.0224440859,0.08793302882,0.2105460689,2.752931825e-12,8.75279784e-11,1.635976032e-09,1.523375513e-08,0.008462327021,0.0008710922605,0.01129879553,0.06840329464,0.2002911814,0.3660135964,8.860232278e-14,6.063472139e-12,2.168437285e-10,3.310660497e-09,0.01011823906,0.00099612157,0.01531606901,0.09516608369,0.2568710244,0.3987449417
115,0.03452442336,0.03312903054,0.02852557573,0.02256794,0.09072987792,0.03935272949,0.06885908778,0.103194592,0.1295119266,0.1462153485,0.04893263172,0.04695489433,0.04043026229,0.03198630387,0.0981447469,0.03935272949,0.06885908778,0.103194592,0.1295119266,0.1462153485,0.0008103770999,0.000777623638,0.000669568702,0.0005297276533,0.009427264105,0.001600312875,0.004511565383,0.01052842616,0.01894759348,0.02935845286,0.0005717616465,0.0005486524381,0.0004724142668,0.0003737494004,0.008715031099,0.001600312875,0.004511565383,0.01052842616,0.01894759348,0.02935845286,0.01495913714,0.01003090403,0.006035552125,0.003430036368,0.01996433392,0.002414087235,0.004382005308,0.006794601609,0.008287694688,0.009045872072,0.02186471761,0.01466146624,0.008821741631,0.00501344268,0.0217461239,0.002414087235,0.004382005308,0.006794601609,0.008287694688,0.009045872072,0.000385090528,0.0002582238598,0.0001553721938,8.829884398e-05,0.002157488747,0.0001006456572,0.0002889908976,0.0006859904603,0.001180760346,0.001743457204,0.0002634665639,0.0001766684665,0.0001063006619,6.041123145e-05,0.001980712792,0.0001006456572,0.0002889908976,0.0006859904603,0.001180760346,0.001743457204,1.039691399e-06,1.517624947e-06,1.676639741e-06,1.435500374e-06,0.00226637681,4.616835239e-05,0.0003965407768,0.002164891311,0.006611090384,0.01471142687,2.970605145e-09,7.726402599e-09,1.381378581e-08,1.693336576e-08,0.0009262885929,5.707881926e-06,0.0001047790314,0.001041773223,0.004817484232,0.01473671807,1.253998372e-08,4.426780365e-08,1.119412643e-07,1.960200345e-07,0.002589830577,8.811576082e-05,0.001071100755,0.007600094055,0.02913716311,0.07768457626,4.03981074e-09,1.819836104e-08,5.872388293e-08,1.287836227e-07,0.002624163703,0.000110458734,0.001342693206,0.009527203307,0.03685363637,0.09919505414,7.488117782e-10,4.589732809e-09,2.015177804e-08,5.872388293e-08,0.002386022623,0.0001127935845,0.001371074736,0.00972858707,0.03766382512,0.1014648547,1.578914493e-11,1.662834918e-10,1.203767569e-09,5.36551575e-09,0.001638532499,5.202478117e-05,0.0007866043932,0.006531605978,0.02751873875,0.07792744024,7.841052251e-15,2.493019266e-13,4.659673841e-12,4.338957634e-11,0.001097689054,1.090413594e-05,0.0003324980618,0.004451920868,0.02419904208,0.07833239037,2.127406676e-13,6.763972052e-12,1.264246292e-10,1.177230701e-09,0.003477343298,0.0001337781096,0.002570488334,0.02241469898,0.08784437693,0.2103889494,2.747673981e-12,8.736077699e-11,1.632850307e-09,1.520464424e-08,0.008455318259,0.0008694002614,0.01128153414,0.06832514282,0.2001243678,0.3658079789,8.84104142e-14,6.050423094e-12,2.163800743e-10,3.303624076e-09,0.01010960067,0.0009939973208,0.0152912046,0.09505659974,0.2566754066,0.3985793232
